id	name	student_number	course	gender	MBTI	1_1	1_2	1_3	1_4	1_5	1_6	1_7	1_8	1_9	2_1	2_2	2_3	2_4	2_5	2_6	2_7	2_8	2_9	3_1	3_2	3_3	3_4	3_5	3_6	3_7	3_8	3_9
1	Lea Fraanchyonok	2018162001	1	2	1	5	3	3	3	5	4	5	4	4	4	4	4	4	4	5	2	4	5	4	3	2	3	4	4	2	2	1	
2	Bekki Akerman	2018162002	3	1	6	3	1	4	2	4	2	2	3	3	3	1	4	3	1	4	1	1	3	4	2	2	5	2	5	5	3	4	
3	Abbie Brotherhed	2018162003	2	1	7	3	3	2	2	2	5	4	3	5	3	3	4	3	5	5	4	4	4	3	3	2	3	3	1	1	3	4	
4	Silvester Gilffillan	2018162004	2	1	11	3	4	4	5	3	3	4	4	3	5	3	3	4	4	4	5	3	5	3	2	4	4	4	3	4	2	4	
5	Hayes Bradock	2018162005	1	1	17	4	4	3	3	4	5	5	4	5	2	3	3	2	3	3	5	4	2	3	4	2	1	4	2	2	1	3	
6	Allard MacGorman	2018162006	1	1	10	4	5	4	4	3	3	3	5	4	4	4	2	3	4	4	4	5	4	4	3	3	4	1	3	1	2	2	
7	Hartwell Timperley	2018162007	3	1	1	1	4	2	4	3	3	1	2	3	1	3	1	2	3	4	2	2	3	3	3	4	3	4	4	3	5	4	
8	Germayne Jannasch	2018162008	3	1	2	4	3	4	2	4	3	4	4	1	1	4	2	4	3	1	3	2	3	5	5	2	5	4	2	4	4	5	
9	Gerrie Jorgensen	2018162009	2	2	8	3	3	2	4	3	4	2	4	4	5	3	4	4	5	4	4	4	5	3	2	1	3	1	3	3	3	3	
10	Tabbatha Machan	2018162010	1	1	1	4	5	5	5	5	5	3	5	4	4	2	4	3	4	2	3	4	2	1	4	4	3	3	2	2	4	4	
11	Joana Dionsetto	2018162011	2	1	6	2	3	4	3	3	4	3	3	5	3	4	4	4	4	5	3	3	4	2	2	3	1	3	3	4	3	2	
12	Eldridge Stebbings	2018162012	1	1	15	4	4	3	4	5	3	3	4	3	4	3	4	2	3	2	2	5	4	3	3	2	4	3	2	2	1	3	
13	Raviv Lovewell	2018162013	3	2	7	3	2	3	2	4	4	4	2	3	1	3	4	2	1	2	2	1	2	3	4	3	4	5	5	3	4	3	
14	Maud MacElane	2018162014	1	2	12	5	4	4	5	5	3	5	4	4	3	4	3	3	4	4	3	3	4	4	4	3	2	2	3	3	2	2	
15	Jenda Tregear	2018162015	3	2	9	2	3	3	3	3	3	3	1	4	1	3	1	3	4	3	3	3	3	4	3	3	5	5	5	2	5	3	
16	Truman Brickhill	2018162016	3	1	16	3	3	1	3	3	3	1	3	2	2	3	3	1	1	4	1	1	4	4	3	5	3	3	5	4	4	4	
17	Mohandas Stack	2018162017	1	2	1	4	4	3	4	5	4	3	3	4	4	4	3	4	4	3	4	3	4	2	3	2	1	3	2	4	3	4	
18	Laurens Ducker	2018162018	3	2	2	4	3	2	4	1	3	3	3	1	1	3	2	2	2	1	1	3	2	4	3	4	4	4	5	4	4	4	
19	Chandler Broomhead	2018162019	3	2	5	2	2	4	3	3	2	2	4	4	3	2	3	1	4	4	3	3	3	5	5	5	4	3	3	5	3	4	
20	Bab Bestiman	2018162020	1	2	6	4	3	3	3	4	5	3	4	4	3	3	4	4	2	4	3	4	4	2	3	3	3	2	2	3	3	4	
21	Lizabeth Almack	2018162021	1	1	15	4	3	5	4	4	5	3	4	5	4	4	3	5	4	4	3	5	4	2	4	2	1	3	3	2	3	2	
22	Othella Breckenridge	2018162022	3	2	12	3	2	4	3	2	2	3	3	3	2	3	2	2	3	3	1	2	3	3	3	2	3	2	3	4	3	4	
23	Marcia Yaus	2018162023	2	1	7	5	4	2	3	4	3	5	4	5	3	4	4	4	5	4	4	5	4	3	3	1	3	1	3	2	3	4	
24	Clare Sowman	2018162024	3	2	3	2	1	3	1	4	1	3	1	1	4	3	4	3	2	2	3	3	3	3	5	3	3	2	5	5	5	5	
25	Eula Tickner	2018162025	1	1	12	3	4	5	3	5	4	5	5	4	3	5	2	4	5	3	4	3	5	2	4	2	3	2	3	1	3	3	
26	Sibylla Gridley	2018162026	3	1	7	3	4	4	3	3	3	4	3	4	3	3	3	2	3	1	3	3	3	5	5	4	4	4	4	3	3	5	
27	Carmina Cruddas	2018162027	1	1	13	4	4	3	4	5	4	3	4	4	4	3	5	4	4	3	3	4	5	4	3	4	2	3	3	4	4	4	
28	Sophia Goodger	2018162028	2	2	7	3	5	2	4	3	2	3	3	4	5	4	4	5	5	3	5	5	5	2	3	2	3	3	3	2	1	4	
29	Kimbra McCloud	2018162029	2	2	12	4	4	3	2	3	4	5	4	5	5	5	4	5	5	5	3	3	3	3	2	3	1	1	4	2	3	3	
30	Matti Bedow	2018162030	1	2	17	5	3	5	3	4	4	5	4	3	4	3	3	4	5	4	2	5	5	4	1	3	3	4	2	3	3	1	
31	Helenelizabeth Corey	2018162031	1	2	7	4	3	4	4	4	5	4	3	4	4	3	4	3	3	5	4	3	2	4	2	3	3	3	3	2	3	3	
32	Justus Ebdin	2018162032	3	2	5	3	4	1	1	4	4	4	2	1	3	3	2	3	3	3	3	4	4	5	4	5	5	5	4	5	3	4	
33	Mitch Liepina	2018162033	3	1	2	3	3	3	2	3	3	2	2	2	1	1	4	1	3	2	4	2	3	4	5	5	5	4	4	3	4	4	
34	Travers Scarlin	2018162034	3	1	12	1	2	3	1	2	1	4	1	1	3	3	3	2	3	2	1	4	4	3	4	4	2	3	5	2	4	3	
35	Kinsley Hugett	2018162035	1	1	16	3	3	5	4	4	5	3	4	3	4	4	3	2	4	4	3	4	5	2	2	2	3	3	3	3	2	1	
36	Winifield Puig	2018162036	2	2	15	4	3	3	4	3	3	5	4	4	5	4	4	4	4	4	3	4	4	3	4	3	1	3	1	3	3	2	
37	Agretha Mularkey	2018162037	3	1	1	2	3	4	3	2	4	2	3	3	1	3	1	3	4	2	3	3	2	4	3	5	5	3	5	4	5	4	
38	Amandi Extance	2018162038	2	2	12	3	3	3	4	3	3	2	4	4	5	3	4	5	3	5	3	4	4	1	3	2	2	1	2	2	2	3	
39	Ahmad Carrel	2018162039	1	1	15	3	4	4	4	4	4	4	4	4	5	3	3	4	5	5	5	3	4	1	3	1	2	2	2	4	2	3	
40	Dexter Stockau	2018162040	3	1	10	3	3	3	3	1	3	4	3	4	1	4	3	3	1	3	3	2	2	2	2	4	3	5	3	2	5	4	
41	Fina Cousans	2018162041	1	2	6	3	3	3	3	5	4	4	4	5	5	4	2	5	3	4	3	3	5	1	4	2	2	3	3	2	3	2	
42	Loralee Orhtmann	2018162042	1	2	6	5	5	4	3	3	4	4	3	4	5	5	3	5	4	3	5	3	5	2	4	1	2	1	2	2	3	3	
43	Steffi Eydel	2018162043	2	1	7	4	4	4	3	2	3	4	3	3	4	5	4	4	5	4	5	4	3	2	4	4	1	4	3	4	2	4	
44	Valaria Gibbard	2018162044	2	1	14	3	3	5	5	5	3	5	4	4	4	5	5	5	4	4	4	3	4	1	1	3	2	2	3	2	2	2	
45	Adelheid Swett	2018162045	1	2	7	4	5	5	4	5	3	3	4	5	5	3	4	2	5	3	2	4	4	3	4	4	2	1	3	3	2	3	
46	Jeniece Scrowston	2018162046	3	2	5	3	1	1	2	1	1	2	4	1	3	1	2	2	1	3	2	3	4	3	3	4	5	4	3	3	5	3	
47	Syman Siely	2018162047	1	1	1	4	4	5	3	3	5	3	4	5	4	4	3	3	5	4	3	2	3	3	1	3	3	2	3	3	2	4	
48	Rosaleen Dudman	2018162048	1	2	13	5	4	4	4	4	3	3	4	3	2	5	4	3	3	4	5	4	3	3	2	3	3	3	4	2	3	4	
49	Archer Delwater	2018162049	3	2	2	1	3	4	3	4	3	3	3	4	4	4	1	1	2	1	2	4	4	2	3	4	4	4	3	5	3	2	
50	Wilie Copello	2018162050	3	1	5	1	1	2	3	1	2	4	2	4	4	1	1	2	3	3	3	4	4	4	3	4	3	3	3	5	5	5	
51	Clive Attewill	2018162051	3	1	4	1	4	3	1	3	3	3	2	3	3	2	3	4	2	3	3	3	2	5	5	4	3	5	4	4	3	4	
52	Cindra Keohane	2018162052	3	2	9	3	1	3	3	3	3	2	2	1	3	1	4	3	1	3	3	2	3	4	5	4	4	4	3	3	3	5	
53	Gael Waddilove	2018162053	2	1	8	5	2	4	5	3	4	4	5	2	4	5	4	5	3	4	4	5	4	3	2	3	4	1	2	3	4	3	
54	Floyd Aslam	2018162054	3	1	2	2	2	2	2	3	2	2	2	4	1	1	1	3	4	3	2	1	2	3	3	4	3	4	4	5	5	5	
55	Huey Kahan	2018162055	2	1	1	3	4	5	3	5	5	4	2	5	5	5	4	4	3	4	5	4	3	4	1	3	1	2	3	2	2	4	
56	Cyndie Greensides	2018162056	1	2	14	3	4	4	3	5	4	4	5	5	3	4	4	4	2	4	4	4	2	2	3	3	2	2	3	2	3	3	
57	Lottie Coventry	2018162057	1	2	4	5	5	5	4	4	4	5	3	3	4	5	4	4	2	2	4	3	2	2	2	1	3	4	1	2	1	2	
58	Reginald Brimham	2018162058	2	2	13	4	4	3	2	5	2	4	5	3	5	5	5	3	5	5	5	4	3	2	1	3	3	4	4	1	3	3	
59	Boyce Walshe	2018162059	3	1	13	1	4	4	2	2	4	1	1	2	4	3	1	2	3	4	4	2	1	5	4	3	4	5	3	3	4	4	
60	Roddy Wilton	2018162060	2	1	5	4	5	2	5	3	3	5	3	2	4	3	4	4	5	4	5	4	5	2	3	1	2	3	3	3	1	4	
61	Donna Gooderick	2018162061	2	1	11	4	3	3	2	3	4	3	4	3	4	4	5	5	5	5	5	4	4	1	1	4	1	4	3	3	1	2	
62	Forster McLeoid	2018162062	2	2	5	3	4	3	3	3	4	4	5	3	3	4	5	4	5	4	4	4	3	3	4	3	3	4	3	3	2	1	
63	Isak Waterfall	2018162063	2	2	7	2	4	5	4	4	4	3	4	3	3	5	4	4	4	4	5	5	5	2	2	2	3	2	4	2	3	1	
64	Rozina Shorto	2018162064	3	2	10	4	3	3	2	3	3	3	1	1	1	1	4	3	1	3	4	3	4	5	4	5	4	3	5	3	4	4	
65	Emiline Minchella	2018162065	2	1	10	3	4	5	3	4	4	4	4	4	4	3	4	4	4	5	4	3	3	2	1	3	4	2	2	3	4	3	
66	Cob Hook	2018162066	2	2	11	4	4	4	5	3	4	4	4	4	4	3	5	4	5	5	3	3	5	2	4	1	2	4	3	3	4	2	
67	Lacie McGilben	2018162067	1	1	17	4	4	5	3	3	4	5	3	3	5	4	3	3	4	3	3	5	5	4	4	3	4	4	4	3	4	4	
68	Isahella Jacobsohn	2018162068	3	1	12	1	1	3	2	2	4	3	3	2	4	2	1	3	3	4	3	3	2	3	3	5	4	4	5	4	3	4	
69	Hugues Gullen	2018162069	2	1	8	3	3	2	5	5	5	5	5	4	4	3	4	4	4	5	5	4	4	3	3	4	2	2	2	2	3	1	
70	Chlo O'Mohun	2018162070	1	1	12	5	3	4	4	5	5	5	4	4	4	3	4	3	4	3	3	4	3	3	1	1	4	3	3	4	3	4	
71	Elayne Demaid	2018162071	2	1	3	3	3	4	4	4	5	3	3	3	5	4	4	4	4	4	4	4	5	1	3	3	1	3	1	2	2	2	
72	Lauree Butner	2018162072	1	1	16	4	3	4	3	3	3	4	3	5	2	4	3	5	2	4	5	3	5	2	2	4	3	2	3	4	2	1	
73	Pierce Greenshiels	2018162073	2	2	3	5	5	5	3	3	5	3	3	2	4	4	5	5	4	5	3	4	5	4	3	3	3	3	4	2	2	3	
74	Sabrina Pideon	2018162074	1	2	10	5	4	3	3	4	4	5	5	4	4	3	4	3	5	3	2	3	3	3	3	1	3	3	4	2	3	3	
75	Alessandra Northall	2018162075	2	2	12	4	4	5	4	4	2	4	5	4	3	5	4	3	5	4	5	4	3	4	4	1	2	4	3	2	4	1	
76	Barbey Darlasson	2018162076	2	1	14	4	4	4	4	4	3	5	5	5	4	5	5	5	4	5	3	4	5	1	1	4	2	3	2	4	3	2	
77	Adele Went	2018162077	1	2	13	4	3	4	3	4	4	3	3	5	4	2	4	4	4	4	2	4	4	2	3	2	3	4	3	4	3	3	
78	Orella Tudgay	2018162078	2	1	10	5	3	3	4	5	3	5	3	4	4	4	5	4	3	4	4	4	4	3	3	2	3	1	1	3	3	3	
79	Ethelind Marchment	2018162079	1	2	3	5	4	3	3	4	4	5	4	5	3	3	5	3	3	5	4	4	5	2	2	3	1	4	4	4	3	3	
80	Nap Didsbury	2018162080	2	1	13	3	3	4	3	5	3	4	3	5	4	4	3	3	4	3	5	4	4	2	2	4	2	1	4	3	1	3	
81	Pace MacAvddy	2018162081	2	2	16	4	4	3	4	4	3	2	3	3	5	5	4	4	5	5	3	5	5	4	2	2	2	1	4	1	2	2	
82	Emmott Hustings	2018162082	1	1	15	5	3	4	5	3	5	4	4	4	4	4	4	5	3	2	5	4	5	4	4	4	4	4	2	4	2	2	
83	Katheryn Laughlan	2018162083	1	2	15	5	4	5	3	5	4	5	4	3	4	4	4	5	4	5	5	3	3	2	1	3	3	3	2	1	4	4	
84	Benjie Kellaway	2018162084	1	1	6	4	4	5	4	3	3	5	5	5	4	3	4	4	5	2	3	4	4	3	1	1	1	2	3	2	4	3	
85	Murdoch Foxley	2018162085	3	2	5	3	2	1	4	3	2	3	1	3	2	3	3	2	4	2	2	3	3	5	3	2	3	4	4	3	5	4	
86	Malvin Kenyam	2018162086	3	1	1	4	3	1	4	3	1	3	1	3	1	1	4	2	2	1	3	4	3	5	3	5	4	4	4	3	3	5	
87	Fleur Caress	2018162087	1	2	10	3	5	4	4	4	3	4	5	3	5	4	2	2	2	4	3	4	4	3	2	2	3	3	1	4	3	4	
88	Regen Boxall	2018162088	2	1	17	4	4	4	5	3	3	5	5	5	4	4	3	4	3	5	5	4	5	2	3	1	3	2	3	1	2	4	
89	Maureen Spurier	2018162089	3	2	14	3	4	3	3	3	4	3	2	1	2	2	1	3	3	3	1	2	3	4	3	3	4	5	4	5	5	4	
90	Rhiamon Philipet	2018162090	2	2	8	5	5	4	3	3	2	3	4	3	4	3	4	3	5	3	4	4	3	4	4	4	3	4	3	1	4	2	
91	Case Oughtright	2018162091	2	1	6	4	5	3	3	5	2	2	3	2	5	4	5	5	5	3	4	5	4	2	4	1	2	1	4	3	2	4	
92	Brice Duffer	2018162092	1	1	3	3	4	5	4	4	4	4	4	4	3	4	5	3	2	4	4	4	2	3	3	3	3	3	3	3	1	2	
93	Nikita Murrie	2018162093	2	1	1	3	5	3	3	3	3	4	5	3	3	5	4	4	4	5	5	3	3	2	3	4	1	2	4	2	3	3	
94	Karlyn Brereton	2018162094	3	2	3	4	3	3	2	3	3	2	1	1	2	4	1	3	3	2	3	3	1	4	3	5	4	3	5	5	4	5	
95	Alisa Delong	2018162095	3	1	11	2	3	2	4	1	3	1	3	4	2	3	2	1	1	3	4	2	4	4	5	4	3	5	4	4	4	4	
96	Hurlee Bezley	2018162096	1	2	13	5	4	5	5	4	5	5	4	4	3	4	4	5	4	4	5	5	4	2	1	2	1	4	2	1	2	3	
97	Sibilla Hedgeley	2018162097	3	1	13	1	3	3	3	4	4	3	3	2	3	1	1	4	3	1	1	3	4	4	3	4	3	3	4	5	4	4	
98	Linoel Ivanyushin	2018162098	3	1	17	1	3	3	4	3	4	3	3	4	3	2	1	4	2	3	2	2	2	3	5	5	3	4	4	4	3	2	
99	Angela Pandey	2018162099	2	2	11	3	2	4	3	3	4	3	3	2	4	4	4	3	5	4	3	4	3	3	2	3	2	1	3	3	2	3	
100	Haven Barriball	2018162100	3	2	2	1	1	3	4	2	3	2	3	2	3	1	3	2	1	3	3	3	2	3	5	3	4	3	3	4	4	5	
101	Austin Dailly	2018162101	2	1	16	4	2	4	5	4	5	3	2	5	4	5	3	5	5	4	4	4	4	4	2	1	2	1	2	2	4	2	
102	Lanni Lisett	2018162102	1	1	16	4	5	5	4	5	4	3	5	5	3	3	3	2	3	4	4	3	5	1	2	4	3	4	1	3	3	3	
103	Maitilde Werrett	2018162103	2	1	13	4	4	4	3	4	5	3	3	4	5	5	4	5	4	4	4	4	5	2	3	3	2	4	3	3	3	2	
104	Ahmed Himpson	2018162104	2	2	12	4	5	3	5	2	4	3	4	4	3	3	4	4	5	5	5	5	4	4	2	3	2	2	3	2	2	2	
105	Magdalen Balharry	2018162105	2	2	4	4	4	3	2	5	2	3	2	5	5	5	3	3	3	4	3	5	4	4	1	2	2	2	2	2	1	4	
106	Meryl Whitticks	2018162106	2	1	6	4	4	4	3	5	5	3	4	4	5	4	4	5	5	3	3	5	4	2	2	3	2	3	3	3	4	3	
107	Dexter Muffen	2018162107	1	2	8	4	4	4	4	3	3	3	4	4	4	3	3	5	4	4	4	4	3	4	4	3	3	3	2	2	3	2	
108	Elysha Attac	2018162108	1	2	11	3	5	5	4	3	3	4	5	5	3	2	4	3	3	3	4	4	5	2	3	4	1	4	2	2	1	3	
109	Reed Ranner	2018162109	1	2	14	5	4	4	5	3	5	3	4	5	4	4	4	5	2	4	5	4	3	4	4	4	2	4	3	3	1	2	
110	Amory Caff	2018162110	1	1	4	5	5	5	4	4	3	3	3	4	4	4	4	4	4	4	3	2	3	3	2	3	4	1	2	4	2	3	
111	Vinson McLese	2018162111	2	2	2	5	3	4	4	3	3	5	4	4	4	5	4	5	4	3	5	5	4	2	1	2	1	3	2	2	4	1	
112	Lennard Blabber	2018162112	3	2	5	1	2	2	3	4	1	2	3	2	3	4	3	3	2	3	2	4	3	4	5	4	5	4	4	5	5	2	
113	James Cumbridge	2018162113	3	2	10	2	1	3	3	3	1	1	3	2	3	2	2	3	3	1	3	4	1	3	2	5	5	4	5	4	4	5	
114	Anastassia Merrell	2018162114	1	2	2	5	5	4	5	4	4	4	5	3	3	3	4	4	4	5	5	2	4	2	4	4	4	3	3	4	3	3	
115	Kacie Tander	2018162115	1	1	7	4	3	3	5	4	5	5	5	3	3	5	5	2	5	4	3	4	5	3	4	1	4	1	4	3	4	4	
116	Wendeline Ferney	2018162116	1	2	2	5	3	4	4	5	5	5	4	3	4	3	3	4	4	2	3	3	3	4	3	3	2	2	2	1	3	3	
117	Ardyce Kinnon	2018162117	1	2	10	4	3	3	3	5	3	5	4	5	4	4	3	4	4	5	2	5	5	2	3	4	4	2	4	3	4	2	
118	Pearle Philson	2018162118	3	2	4	3	2	1	3	3	4	4	4	3	3	1	3	3	3	2	3	1	3	5	4	4	5	4	5	3	4	3	
119	Zuzana Guyan	2018162119	2	1	13	3	3	4	3	4	4	4	3	4	5	4	4	4	4	4	5	3	4	4	2	4	3	4	4	2	1	4	
120	Min Ganter	2018162120	1	2	8	5	4	5	5	3	5	5	4	3	2	3	3	4	4	4	3	3	3	1	3	4	2	2	4	3	2	4	
121	Kalle Shaplin	2018162121	2	1	7	5	4	3	5	2	5	4	3	3	5	5	4	4	4	4	5	4	4	2	1	3	2	3	2	2	2	4	
122	Phaidra Gowdridge	2018162122	2	1	13	2	3	5	4	3	4	3	4	5	5	4	3	3	3	5	5	3	3	3	3	3	4	4	4	2	3	4	
123	Thom Bentje	2018162123	2	2	12	5	5	4	3	4	3	3	4	5	3	4	5	4	3	4	4	3	5	4	2	1	2	2	2	2	1	2	
124	Trescha McDuff	2018162124	2	1	7	4	2	3	4	3	2	3	3	3	3	4	4	5	3	3	5	4	4	1	2	3	2	4	3	2	3	1	
125	Lorry Gadney	2018162125	1	2	8	4	3	5	3	3	4	4	5	4	5	4	4	5	3	4	4	3	5	4	2	1	2	2	3	3	3	4	
126	Lorianna MacConnechie	2018162126	3	1	3	3	2	1	4	4	1	1	2	4	1	1	1	4	1	3	3	3	3	5	3	4	5	4	4	3	5	4	
127	Gennie Mariot	2018162127	3	2	3	1	3	1	4	3	1	1	1	2	1	3	2	3	3	4	1	1	4	2	4	5	4	4	5	5	2	4	
128	Valentin Mordue	2018162128	1	2	12	4	4	5	3	4	5	5	3	4	3	4	2	5	2	4	4	4	4	1	4	3	4	3	3	3	1	3	
129	Ramon Takkos	2018162129	3	1	6	3	2	1	3	4	4	2	4	3	1	3	4	1	4	2	1	2	2	4	3	3	2	4	4	5	5	2	
130	Elsie Dmitrienko	2018162130	3	1	7	4	3	2	3	3	2	3	4	3	3	3	3	4	4	2	3	2	2	5	5	4	4	4	4	4	3	3	
131	Sherm Leyfield	2018162131	3	2	14	3	3	3	3	1	1	1	4	4	3	4	4	3	4	3	2	3	1	3	2	4	3	4	5	4	3	5	
132	Allix Warnock	2018162132	2	2	13	2	4	3	5	5	5	3	3	4	3	5	4	5	4	4	4	4	3	1	1	2	3	3	2	4	3	3	
133	Fergus Stansfield	2018162133	3	2	17	4	1	1	1	2	1	1	1	4	4	2	3	3	3	3	1	4	1	4	5	4	3	5	5	5	3	5	
134	Gui Josebury	2018162134	3	1	6	2	2	1	4	1	2	4	2	1	1	2	4	2	3	3	3	2	2	4	4	2	3	4	2	5	4	3	
135	Pren Errett	2018162135	3	2	11	2	3	2	2	3	3	4	3	3	1	2	4	1	4	3	3	2	4	4	5	2	4	4	3	3	4	4	
136	Arda Treweela	2018162136	1	1	1	5	4	5	5	5	3	4	4	4	5	5	3	4	3	5	4	5	3	3	3	1	4	4	4	3	3	3	
137	Raphael Daniau	2018162137	1	1	5	3	5	5	5	3	5	4	5	3	2	4	4	3	5	3	4	3	3	2	2	3	3	3	3	3	3	2	
138	Hallie Shilvock	2018162138	1	1	14	4	4	4	5	4	3	5	5	3	4	5	4	3	3	3	5	4	5	3	4	1	1	2	2	3	2	3	
139	Evita Vasnev	2018162139	3	2	11	1	2	2	2	1	3	3	3	1	2	4	3	4	3	3	1	2	3	3	4	3	3	3	4	5	4	4	
140	Henry Summerlie	2018162140	2	1	14	5	3	4	2	4	4	5	3	4	5	5	3	5	5	4	5	4	4	1	2	3	1	1	2	3	3	3	
141	Alyse Varey	2018162141	2	2	15	3	4	3	3	3	4	2	3	5	5	5	3	5	4	4	4	3	4	2	3	4	3	2	2	1	3	2	
142	Dougy Annies	2018162142	1	2	13	5	3	5	5	4	5	3	3	3	5	5	3	3	5	4	4	3	5	1	2	3	2	3	1	2	3	3	
143	Laurena Malyon	2018162143	2	1	4	5	4	3	3	5	3	3	3	5	4	4	3	4	5	5	3	4	5	3	2	3	2	2	2	3	2	3	
144	Shir Nattriss	2018162144	2	1	5	4	3	3	3	3	4	3	4	5	4	3	3	4	4	5	3	5	5	3	2	1	3	3	1	3	3	3	
145	Mirelle Ellissen	2018162145	2	2	13	4	5	2	2	3	3	3	5	3	4	3	5	3	4	5	4	5	5	4	3	2	3	4	2	2	1	3	
146	Natka Nutman	2018162146	3	2	8	2	3	3	2	2	2	4	3	4	3	1	2	3	4	2	2	3	4	4	4	4	4	4	5	4	4	3	
147	Niki Dillintone	2018162147	2	1	1	5	4	2	2	4	4	4	3	2	3	5	3	4	3	3	4	5	5	2	2	1	4	3	3	4	2	1	
148	Shell Guppey	2018162148	2	2	11	4	3	3	4	5	4	5	3	3	5	5	4	5	4	5	4	4	4	3	3	2	2	2	2	2	1	2	
149	Reidar Mucillo	2018162149	1	2	9	3	4	5	5	5	4	3	3	5	4	3	4	2	4	5	3	3	5	3	3	2	3	3	1	3	4	2	
150	Hamish Eberdt	2018162150	3	1	5	1	4	3	1	3	3	4	1	1	3	3	3	3	2	4	3	2	3	5	4	5	2	4	2	5	2	3	
151	Tania Lynds	2018162151	1	2	6	4	5	4	4	4	4	3	4	4	4	5	5	5	4	3	4	3	3	1	1	2	4	2	3	3	4	1	
152	Ludovika Feathers	2018162152	3	1	14	3	3	4	2	4	3	4	4	4	3	2	4	2	2	3	4	4	4	4	5	4	4	4	5	4	4	4	
153	Katine Krook	2018162153	3	2	8	3	1	3	3	2	4	2	3	3	4	3	3	4	4	3	2	3	2	5	4	4	5	4	3	5	4	3	
154	Ediva Clorley	2018162154	1	1	14	5	5	5	4	5	4	3	5	5	2	3	4	4	4	5	3	4	3	3	3	2	3	2	2	3	4	3	
155	Neil Snoddy	2018162155	2	2	6	4	5	4	3	4	4	3	4	3	5	4	5	3	5	5	4	3	5	2	4	2	4	3	4	3	2	3	
156	Lilyan Brockway	2018162156	1	1	3	5	5	5	4	5	5	5	4	3	3	3	2	4	4	3	4	2	3	1	4	3	4	3	4	3	3	4	
157	Shermy Salway	2018162157	1	1	17	4	5	3	4	4	3	5	4	4	5	3	3	4	2	3	5	2	3	4	4	2	3	4	3	1	3	4	
158	Florie Kupke	2018162158	3	2	8	1	3	1	2	2	4	3	3	4	1	3	3	4	3	1	3	3	2	4	3	5	3	5	5	4	4	4	
159	Aldon Flips	2018162159	3	1	17	2	3	3	2	1	1	3	3	4	2	3	2	2	3	4	1	1	4	3	3	5	4	4	4	3	3	3	
160	Sara Simonson	2018162160	3	1	14	3	4	3	4	1	1	1	2	2	4	3	2	4	3	3	3	2	1	4	4	3	5	4	4	3	5	5	
161	Bing Piddlehinton	2018162161	1	2	13	4	4	4	4	5	5	4	4	4	4	3	4	4	4	4	3	5	4	1	1	1	3	3	4	2	3	2	
162	Ferdinande Beslier	2018162162	1	2	16	5	4	5	3	3	3	4	5	4	5	5	3	3	3	5	4	5	3	3	1	4	1	4	2	2	2	3	
163	Nomi Saiger	2018162163	2	1	5	4	5	3	3	2	4	4	5	4	3	4	4	3	5	3	5	3	4	3	4	4	1	3	1	4	2	3	
164	Karine Speight	2018162164	1	2	4	5	5	4	5	5	4	3	4	4	4	3	4	4	4	5	4	4	4	3	3	1	3	3	4	2	3	2	
165	Ansley Antognazzi	2018162165	1	2	8	5	5	3	4	3	5	5	5	5	3	4	3	4	4	3	4	2	3	2	4	3	3	3	2	4	3	1	
166	Zed Merrall	2018162166	1	1	9	5	5	4	3	3	5	5	3	4	3	3	3	4	3	4	4	5	2	4	4	3	1	4	4	4	4	3	
167	Allen Grishanin	2018162167	2	2	6	4	4	3	3	5	5	3	2	5	5	5	4	4	3	5	4	4	5	1	3	2	4	1	2	3	3	3	
168	Deana Garrould	2018162168	1	1	12	3	4	4	4	4	5	3	4	4	3	5	4	3	4	3	5	3	5	3	1	1	3	2	3	3	2	3	
169	Brigitta Woolveridge	2018162169	1	1	1	4	5	5	4	3	3	4	5	4	3	3	5	5	5	3	3	3	5	1	3	4	3	3	3	3	2	4	
170	Harv Cowan	2018162170	2	2	9	4	4	4	5	3	3	4	5	2	3	5	4	5	3	5	4	4	5	2	4	1	4	3	2	3	2	2	
171	Jan Coysh	2018162171	2	2	17	3	3	4	5	3	2	3	5	4	4	4	5	5	5	5	3	4	5	2	2	2	3	4	1	2	1	2	
172	Llewellyn Marin	2018162172	3	2	11	3	1	3	3	3	3	3	2	4	2	2	2	1	3	4	3	3	4	5	5	4	4	4	3	4	4	5	
173	Todd Hayers	2018162173	2	2	5	4	2	3	5	4	3	3	5	2	3	4	4	5	5	3	4	4	4	2	4	3	1	4	3	3	3	4	
174	Angy Compston	2018162174	2	1	3	4	4	2	5	3	5	2	3	4	5	5	5	3	4	5	3	4	3	2	1	3	1	3	2	1	1	4	
175	Alon Upex	2018162175	2	1	15	2	3	4	3	3	4	5	4	5	4	4	3	4	3	3	4	4	5	4	3	3	3	3	3	4	3	1	
176	Jaquelyn Finlay	2018162176	2	1	2	3	3	4	3	2	4	5	3	3	4	5	5	3	4	3	5	3	4	1	2	2	2	2	1	3	2	4	
177	Scarlett Flowers	2018162177	3	1	17	3	3	1	3	3	3	3	1	3	3	4	4	1	1	2	3	3	3	4	4	5	4	3	4	3	3	4	
178	Karyl Gillbard	2018162178	2	2	5	5	5	4	3	5	4	2	3	3	3	5	4	5	3	3	5	4	4	1	4	1	1	4	3	3	1	3	
179	Orlando Yandell	2018162179	2	2	17	4	4	4	2	3	4	2	4	5	5	5	5	4	4	3	4	5	4	3	1	3	2	3	2	2	1	2	
180	Elysee Wildgoose	2018162180	3	1	10	3	2	4	4	3	1	1	4	4	2	3	3	3	2	3	3	3	2	3	4	5	5	5	4	3	4	5	
181	Jarib Huscroft	2018162181	3	2	2	2	3	3	3	2	3	2	1	3	3	3	4	3	3	3	4	3	4	4	3	5	4	5	3	4	5	5	
182	Em Aucock	2018162182	1	1	11	3	5	4	5	4	4	3	5	3	2	4	3	5	4	5	2	5	4	3	1	2	2	3	1	1	3	3	
183	Emelda Piolli	2018162183	3	1	8	1	3	3	1	2	1	3	3	3	1	3	2	2	2	2	3	3	3	4	3	5	4	5	5	4	3	5	
184	Chiquita Agronski	2018162184	2	2	11	4	3	5	4	5	3	4	5	4	4	3	5	4	5	4	3	4	3	2	3	4	4	3	1	4	2	2	
185	Mavis Brignell	2018162185	3	2	1	3	3	2	4	4	4	3	3	3	1	3	3	4	4	2	2	1	1	4	5	3	5	4	3	4	5	5	
186	Felike Matskiv	2018162186	2	1	5	5	3	2	2	3	2	4	3	4	4	5	5	5	4	5	5	4	3	1	1	2	3	1	3	2	2	1	
187	Kelcie Baldocci	2018162187	1	1	3	3	3	5	4	3	3	5	5	5	5	4	5	3	5	4	3	3	3	2	2	3	3	3	3	2	1	4	
188	Keri Casemore	2018162188	3	1	9	3	3	3	3	1	4	4	3	3	1	2	3	4	3	3	1	2	3	5	4	4	5	4	4	4	5	2	
189	Dorothea Garfoot	2018162189	3	1	8	3	2	3	3	1	4	4	4	2	3	4	3	3	2	1	3	3	2	4	3	3	2	3	5	5	5	5	
190	Kaitlin Lardeur	2018162190	1	2	9	5	5	4	3	3	5	4	5	3	4	3	4	4	4	3	2	4	5	4	1	3	1	2	2	4	2	3	
191	Jo Ellaway	2018162191	2	2	9	5	3	2	3	2	3	3	3	4	5	4	4	4	4	4	5	4	3	1	1	4	2	3	2	4	1	2	
192	Chrisse Shea	2018162192	2	2	16	3	3	3	3	3	2	4	5	3	5	5	3	5	3	4	4	4	5	3	1	4	4	4	3	1	4	3	
193	Chip Trematick	2018162193	1	2	4	5	3	5	3	5	3	4	5	5	3	3	3	3	5	2	5	4	5	3	4	4	3	3	1	3	3	2	
194	Sheree Auld	2018162194	3	2	13	2	3	4	3	1	3	3	3	3	4	2	2	3	4	3	3	2	2	2	4	4	2	5	5	4	4	2	
195	Sheffy Halburton	2018162195	1	1	15	5	5	3	5	4	5	5	5	4	4	2	4	2	4	3	4	2	3	3	2	1	3	4	3	3	3	1	
196	Eimile Boshell	2018162196	3	1	5	3	1	1	3	1	1	3	1	3	1	2	2	3	1	4	3	4	4	3	5	4	5	3	4	4	4	4	
197	Jillana McCerery	2018162197	3	1	15	3	3	3	3	3	4	4	3	3	4	4	3	2	3	4	3	1	1	4	5	4	4	3	4	4	4	3	
198	Corrine Immins	2018162198	3	1	8	4	1	3	3	3	3	2	3	3	2	3	1	3	4	3	2	2	3	5	4	4	4	3	4	4	5	3	
199	Chaunce Sheeran	2018162199	3	1	15	3	1	3	3	3	1	3	3	3	1	1	3	1	2	3	4	3	3	3	4	3	4	4	4	2	5	4	
200	Scarlet Mould	2018162200	1	1	14	4	5	5	3	3	4	4	3	4	5	4	4	4	3	4	2	4	5	3	3	2	3	2	4	3	2	3	
201	Millicent Bratcher	2018162201	1	2	2	4	5	3	4	5	4	3	4	4	5	4	4	5	4	3	5	5	4	3	3	4	4	2	3	2	4	3	
202	Nona Zavattari	2018162202	1	1	1	3	5	5	5	4	4	4	5	5	5	2	3	5	5	2	4	3	5	3	3	3	3	3	1	4	1	3	
203	Barrie Kenshole	2018162203	1	2	16	4	3	5	4	3	5	3	4	4	5	2	4	5	5	4	3	5	5	4	3	3	1	4	1	3	2	3	
204	Boote Dorkin	2018162204	2	1	12	5	4	3	3	4	5	2	5	3	5	4	5	4	5	4	5	4	5	4	3	2	1	1	4	3	2	2	
205	Estella Eeles	2018162205	1	1	16	5	3	3	4	5	4	4	3	4	4	4	4	4	3	4	2	3	4	3	3	2	3	3	4	2	2	4	
206	Mahala Sybry	2018162206	2	2	9	5	5	4	4	5	3	5	3	3	5	4	5	4	5	3	5	3	4	2	2	2	2	1	1	3	1	3	
207	Sherwood Stitcher	2018162207	3	1	16	3	3	1	3	1	1	4	4	3	3	3	1	2	2	2	3	1	1	4	5	3	4	5	3	3	3	4	
208	Kailey Adamovicz	2018162208	3	2	13	2	2	3	4	3	4	1	3	3	2	4	2	4	1	2	2	2	1	3	4	5	4	5	5	4	3	5	
209	Rodie Odcroft	2018162209	2	1	13	4	2	4	5	4	4	5	3	5	5	5	4	5	5	3	3	4	3	1	3	3	1	1	4	1	3	3	
210	Austin Dragonette	2018162210	1	1	15	3	4	4	5	5	4	3	3	5	5	4	5	4	5	3	2	4	5	4	3	1	3	4	3	1	1	2	
211	Horten Coupar	2018162211	2	2	9	4	3	4	4	3	4	5	3	2	3	4	5	4	3	4	4	5	5	4	2	2	4	1	1	3	1	1	
212	Danella Renihan	2018162212	1	2	11	5	5	4	5	4	4	4	3	4	2	3	3	3	4	3	2	4	4	4	3	4	3	2	3	4	3	2	
213	Janine McCuthais	2018162213	1	2	7	3	5	5	4	5	4	4	4	5	2	3	4	4	3	4	3	4	4	2	4	2	4	4	2	2	4	1	
214	Josefa Scholl	2018162214	3	1	11	3	3	3	3	3	1	2	1	1	3	3	4	4	3	3	4	2	2	4	3	5	4	4	5	4	5	3	
215	Faustine Large	2018162215	2	2	9	4	2	3	2	2	4	5	2	3	4	4	4	5	5	4	4	5	3	1	4	3	2	3	2	3	3	2	
216	Elie Garaway	2018162216	3	2	10	2	3	3	4	4	4	1	4	1	1	1	2	2	3	1	1	1	4	2	5	4	5	3	4	4	4	4	
217	Oralla Chilver	2018162217	2	2	6	4	4	5	3	5	4	4	2	3	4	4	3	3	5	3	5	4	5	4	2	2	3	2	2	1	3	2	
218	Regan Kibel	2018162218	2	2	6	4	3	4	3	5	3	4	2	4	5	5	4	5	4	4	4	5	3	3	4	2	3	4	1	2	1	2	
219	Fanchette Ferby	2018162219	1	1	6	5	5	5	3	4	3	4	4	3	2	4	2	4	2	3	3	4	3	4	4	4	3	3	4	2	4	3	
220	Neddy Gowthrop	2018162220	2	1	11	5	3	4	2	3	4	2	4	3	4	5	4	4	3	5	4	4	5	1	1	2	4	2	3	3	4	4	
221	Trueman Lowey	2018162221	3	2	9	3	2	3	4	3	3	4	3	4	1	3	2	3	1	3	2	4	1	2	4	5	4	3	5	4	5	4	
222	Kim Sealand	2018162222	2	2	13	2	5	3	4	5	3	5	4	3	5	4	4	5	3	5	3	4	5	3	3	3	2	4	2	4	2	1	
223	Paddie Peer	2018162223	3	1	12	1	3	2	2	1	3	4	1	1	4	3	1	1	3	4	3	1	3	4	5	4	4	4	3	4	5	3	
224	Tiffie Bodley	2018162224	3	2	3	1	3	1	2	1	4	3	4	3	1	2	3	3	1	3	3	3	2	4	3	2	5	3	4	5	5	4	
225	Lotte Josipovitz	2018162225	2	2	2	3	3	3	4	3	5	3	5	3	3	5	5	4	4	4	4	3	3	2	4	3	2	3	2	2	3	4	
226	Gare Delamaine	2018162226	3	2	10	3	3	3	1	3	4	3	2	3	3	3	1	4	1	3	1	1	4	4	4	4	5	4	4	5	3	5	
227	Christiana Calafato	2018162227	3	1	12	3	4	4	3	4	2	2	4	2	1	3	2	4	1	3	4	4	2	4	4	4	4	3	5	3	4	5	
228	Kandy Slocombe	2018162228	2	1	4	4	3	2	3	3	4	4	3	3	5	5	5	4	4	4	4	4	4	2	3	3	4	2	3	3	2	3	
229	Arda McFaell	2018162229	1	1	17	4	4	5	5	3	4	3	3	4	3	2	3	3	4	3	3	4	2	1	4	4	4	4	3	2	3	3	
230	Colas Fitzer	2018162230	3	2	11	1	4	1	3	3	1	4	4	2	2	2	3	2	3	4	1	2	2	4	3	5	5	5	3	4	4	3	
231	Mattias Janousek	2018162231	1	2	15	4	4	5	5	4	5	4	5	5	3	4	3	3	5	4	3	4	5	2	1	3	3	2	3	2	4	2	
232	Kirbee Featherbie	2018162232	3	2	16	4	3	1	1	3	3	3	2	1	2	4	2	2	2	4	3	2	4	3	4	3	4	3	5	4	5	4	
233	Lionello Gaynesford	2018162233	2	1	13	3	3	4	4	3	4	3	3	5	4	3	4	3	5	5	4	4	4	4	2	3	2	3	4	4	4	2	
234	Harman Staggs	2018162234	3	1	16	2	3	3	3	2	4	2	1	3	1	4	2	3	1	4	4	2	2	2	5	3	4	5	2	3	4	3	
235	Morey Gibbe	2018162235	3	2	15	4	1	4	3	3	4	2	3	3	3	1	3	4	4	3	2	1	4	4	4	5	3	3	2	4	4	5	
236	Suzanne Gasnoll	2018162236	2	2	9	4	5	3	4	5	3	3	3	4	4	5	4	4	5	4	4	5	4	2	1	2	2	1	2	4	2	3	
237	Regan Morgan	2018162237	1	1	8	4	4	3	3	3	5	5	4	4	3	3	4	2	5	4	4	5	3	2	2	4	4	1	2	4	2	3	
238	Korie Rosser	2018162238	1	2	15	4	5	4	4	3	4	3	5	5	5	3	3	5	3	3	2	4	4	1	3	4	3	2	3	3	3	1	
239	Tracy Neubigin	2018162239	1	1	2	3	3	5	3	3	5	4	4	3	4	5	3	4	2	5	2	4	5	2	4	3	2	3	1	3	4	2	
240	Conchita De Meis	2018162240	1	1	16	5	3	3	5	4	4	5	5	5	4	4	3	3	4	3	4	4	5	4	2	3	3	3	4	4	4	4	
241	Ethelind Rutledge	2018162241	2	1	15	2	3	3	3	5	3	4	3	5	4	5	4	5	4	5	4	3	3	1	2	3	2	2	2	4	4	2	
242	Bambie Guidini	2018162242	3	1	1	2	1	1	2	3	2	1	3	4	4	3	3	2	4	1	4	3	1	5	5	2	2	3	4	5	3	5	
243	Skip Compton	2018162243	3	1	16	3	1	4	1	3	1	4	2	4	3	3	1	4	1	2	3	1	4	3	3	3	4	5	4	2	4	3	
244	Artur Simpole	2018162244	1	1	15	3	4	5	5	4	3	4	5	3	4	2	4	4	2	3	5	2	5	4	2	3	4	3	3	3	4	3	
245	Holly Olenchenko	2018162245	2	1	3	5	4	3	5	2	2	4	3	2	5	5	4	3	3	4	5	3	3	1	3	3	2	3	2	3	4	3	
246	Vasily Getten	2018162246	2	1	15	2	2	3	2	4	4	3	5	4	5	3	4	3	4	3	4	4	3	4	3	2	2	2	3	2	2	3	
247	Bethena Hugues	2018162247	1	2	5	3	4	3	4	4	3	5	4	4	5	2	3	3	2	5	4	3	5	3	4	2	3	4	4	2	1	3	
248	Boycie Jaskowicz	2018162248	1	1	8	4	5	4	3	5	4	5	5	4	3	3	4	3	3	2	4	3	2	3	2	3	4	3	2	4	4	3	
249	Alden De Bischof	2018162249	1	1	13	4	4	3	5	5	3	4	5	4	4	3	2	5	4	4	5	3	5	3	4	3	1	2	4	2	4	4	
250	Elisabet Eglese	2018162250	1	1	6	3	3	5	5	4	3	3	3	5	3	3	4	4	4	3	5	3	5	3	3	1	2	3	4	3	3	2	
251	Margot O' Quirk	2018162251	1	1	9	4	4	4	3	5	4	4	3	3	2	5	4	3	4	2	3	3	3	3	1	4	1	4	4	4	4	3	
252	Sydney Barette	2018162252	1	2	2	3	5	5	4	4	4	4	3	4	4	3	3	4	3	3	3	5	4	4	3	2	3	2	4	2	2	3	
253	Ketty Quartermain	2018162253	1	1	2	4	3	5	5	4	3	4	5	4	5	5	3	3	3	3	4	2	2	1	3	2	2	2	1	4	2	2	
254	Matteo Alvin	2018162254	2	1	16	4	2	4	4	2	4	5	4	4	5	5	5	5	3	3	4	4	4	3	2	3	2	2	3	4	3	1	
255	Samara Durn	2018162255	3	2	8	4	3	1	3	1	1	1	1	3	3	4	3	3	3	1	2	4	1	5	5	4	4	3	5	3	4	5	
256	Herschel Dennitts	2018162256	3	2	11	1	3	4	3	3	3	4	3	3	1	1	3	1	4	3	3	3	3	3	4	4	4	4	3	4	3	3	
257	Chancey Artinstall	2018162257	2	1	4	3	2	4	5	5	3	3	3	3	4	3	5	4	3	3	4	4	4	3	3	4	3	2	2	2	1	4	
258	Keenan Atherley	2018162258	3	2	13	3	1	3	2	2	2	4	3	4	3	3	2	1	4	3	1	4	1	4	4	3	3	3	3	5	3	4	
259	Faye Mussett	2018162259	2	1	11	4	4	2	3	3	2	4	2	5	4	3	5	4	4	5	3	4	5	2	3	2	1	3	4	3	1	2	
260	Tiebout Ashburner	2018162260	1	2	2	4	3	4	4	5	4	5	4	4	5	3	3	2	3	3	2	5	3	3	2	2	3	2	4	1	1	3	
261	Fredrika Blonfield	2018162261	2	1	1	2	3	4	4	4	3	3	4	3	3	5	5	5	4	3	4	4	5	2	3	1	2	2	2	3	4	3	
262	Kamila Szymon	2018162262	2	1	7	3	3	4	3	4	3	3	4	2	4	5	5	4	4	4	4	5	5	2	3	1	4	1	1	4	2	1	
263	Caldwell Milne	2018162263	2	1	15	3	4	4	5	4	5	4	3	5	5	4	5	5	4	4	4	4	4	3	3	2	3	3	4	3	3	3	
264	Morgun Perton	2018162264	1	2	3	4	4	3	5	4	4	4	4	4	4	4	4	4	5	2	2	2	3	2	2	4	1	4	4	2	1	2	
265	Gae Ary	2018162265	1	2	9	4	4	3	3	4	5	4	4	3	4	5	4	4	3	3	4	3	3	4	3	3	1	3	3	2	4	3	
266	Padraig Birt	2018162266	2	1	15	3	4	4	3	5	3	3	3	4	3	5	3	4	3	3	3	4	5	2	4	4	3	3	4	2	4	3	
267	Kaitlynn Ridgwell	2018162267	1	2	2	4	4	4	3	4	4	4	5	4	3	5	3	4	4	3	3	5	3	2	3	4	3	2	2	1	4	4	
268	Randie Garett	2018162268	2	2	2	4	3	5	3	4	4	5	4	4	5	4	5	4	5	4	4	3	4	2	3	3	1	2	2	4	3	3	
269	Olivero Linnard	2018162269	3	1	12	1	2	2	3	2	3	2	1	3	2	3	3	2	2	1	4	3	3	5	3	3	3	5	3	5	4	5	
270	Alessandra Simonds	2018162270	2	2	10	2	3	5	5	5	3	4	4	3	3	5	5	3	4	5	3	5	4	2	2	3	2	3	4	3	3	3	
271	Geri Riccioppo	2018162271	3	1	6	3	3	4	2	4	3	3	4	2	2	2	3	2	2	2	3	2	4	5	4	5	5	5	3	4	4	4	
272	Bar Banger	2018162272	3	2	12	3	2	4	4	2	2	4	1	4	3	2	3	3	3	2	3	3	2	4	3	3	5	5	5	4	4	4	
273	Laird Petegrew	2018162273	2	2	8	5	2	4	3	4	3	4	3	2	4	5	5	4	4	3	4	5	5	2	4	1	4	2	2	4	4	3	
274	Enrica Jachimczak	2018162274	2	2	17	3	5	4	5	4	4	4	4	5	4	4	4	3	3	5	4	3	3	1	2	1	2	3	3	4	3	1	
275	Aloisia Leckie	2018162275	1	2	1	4	5	4	4	3	5	5	4	4	4	3	3	3	5	2	3	2	5	3	4	3	2	3	4	4	3	4	
276	Otho Hawtrey	2018162276	3	2	2	2	3	1	1	3	4	3	3	3	3	1	1	3	3	3	3	1	3	3	5	3	4	3	5	5	4	5	
277	Kaila Heinschke	2018162277	1	1	17	5	5	3	3	3	4	5	4	5	2	2	3	4	3	2	3	4	4	3	4	4	4	2	3	3	3	4	
278	Mab Huxster	2018162278	2	1	5	3	3	3	2	5	5	3	4	2	5	3	5	3	4	4	5	3	5	1	2	2	1	3	1	2	2	3	
279	Pebrook Egdell	2018162279	1	2	10	4	4	3	5	4	4	4	3	4	3	5	5	4	5	3	3	3	2	2	4	3	3	4	4	1	4	3	
280	Correy Fransewich	2018162280	3	1	15	3	3	1	3	4	3	4	3	1	1	3	1	4	4	3	2	1	4	5	5	4	5	4	4	4	2	5	
281	Rea Presidey	2018162281	3	2	5	3	2	4	1	3	1	1	4	1	2	1	1	3	3	4	3	1	2	4	5	4	5	4	3	3	3	4	
282	Tore Carpe	2018162282	1	1	7	4	5	4	5	3	5	4	4	3	5	3	4	3	2	4	3	3	4	4	1	2	3	3	2	2	4	3	
283	Terese Bertome	2018162283	2	2	9	4	2	4	3	4	2	3	3	3	4	4	4	4	4	5	3	3	4	3	3	4	3	2	3	4	4	2	
284	Cale Saull	2018162284	1	2	11	4	3	3	3	4	5	3	3	3	4	3	2	2	3	2	3	5	3	3	4	3	2	3	3	3	2	4	
285	Kimberly Ramey	2018162285	1	1	7	4	5	5	4	3	3	4	4	3	2	5	3	2	2	2	2	5	3	4	3	1	3	3	4	1	2	4	
286	Alleyn Klejin	2018162286	2	2	4	5	3	4	2	4	4	4	5	4	5	5	4	4	3	5	3	4	4	2	2	2	1	2	1	2	4	3	
287	Alric Skahill	2018162287	2	1	6	5	4	5	4	5	3	4	4	4	4	3	4	4	4	4	4	4	4	2	3	3	3	1	1	2	3	3	
288	Saunders Baines	2018162288	2	1	4	3	4	5	5	3	5	5	3	4	4	4	4	3	4	3	5	4	4	3	2	3	3	2	4	3	2	2	
289	Guenevere Ca	2018162289	2	2	3	2	3	2	2	3	5	3	4	5	4	4	5	3	4	4	5	5	5	3	3	3	2	4	3	1	3	3	
290	Brandise Cordier	2018162290	3	1	1	2	3	2	3	3	4	4	3	3	2	4	4	1	4	1	3	2	4	3	3	4	3	4	3	2	4	3	
291	Deena MacCostye	2018162291	3	2	16	4	1	4	3	4	4	2	3	4	2	1	3	2	3	4	2	3	3	3	5	4	3	2	5	4	3	5	
292	Eryn Fenning	2018162292	1	2	8	4	4	5	3	5	4	3	3	4	4	4	3	2	5	5	5	2	5	3	1	2	3	1	4	4	2	4	
293	Daria Leifer	2018162293	1	2	7	3	4	5	5	4	4	5	5	4	4	5	5	3	3	5	4	3	3	2	2	3	4	2	4	3	4	4	
294	Dare Garside	2018162294	2	1	17	4	3	4	5	4	3	4	3	4	4	4	5	5	5	5	4	4	4	3	3	4	4	1	4	2	2	3	
295	Lorettalorna Calderon	2018162295	1	1	17	4	3	4	5	3	5	3	5	4	4	3	4	4	2	5	3	2	5	4	2	1	4	4	4	2	2	3	
296	Danny Wallbutton	2018162296	2	2	11	3	3	4	4	4	3	4	5	2	5	3	5	4	4	3	5	4	3	2	3	3	4	1	1	2	3	3	
297	Rocky Hemeret	2018162297	2	1	5	5	3	3	2	5	4	4	3	4	5	4	5	3	5	4	3	5	3	2	3	1	4	1	1	3	2	3	
298	Alisander Liquorish	2018162298	1	1	11	4	5	3	5	4	5	4	3	4	4	2	3	5	4	4	4	4	4	1	4	3	2	2	4	4	2	4	
299	Ingmar Eble	2018162299	2	2	5	4	2	3	4	3	5	3	3	3	5	5	5	4	5	5	3	5	4	2	1	3	1	3	3	3	3	3	
300	Turner Kernar	2018162300	3	1	7	2	2	1	3	1	4	4	4	1	3	3	4	4	1	2	3	2	2	4	2	4	4	4	5	4	4	5	
301	Brandon Bock	2018162301	1	2	1	3	3	5	4	4	3	5	3	4	4	3	4	4	3	2	5	5	4	3	3	4	3	4	4	4	1	3	
302	Gabriel Stopher	2018162302	2	1	16	3	2	4	4	4	5	4	5	5	4	4	3	5	4	5	3	5	4	3	1	4	1	4	2	2	2	1	
303	Kissiah O'Lunny	2018162303	3	2	12	4	4	2	3	1	1	2	2	3	2	2	3	1	2	3	1	3	3	4	5	3	4	2	4	3	3	3	
304	Sheffie Sparshett	2018162304	1	2	5	4	3	3	3	3	5	5	4	3	3	4	5	5	5	3	5	4	3	4	2	2	1	4	4	3	3	1	
305	Sauveur Soppitt	2018162305	2	1	14	5	4	4	3	5	4	3	4	3	5	5	3	3	5	5	4	3	4	2	1	3	2	3	1	4	3	2	
306	Fanchette Smowton	2018162306	3	2	11	2	4	2	3	4	4	3	1	3	3	3	3	1	3	4	3	3	3	5	5	3	4	5	5	3	3	3	
307	Maegan Points	2018162307	2	1	8	5	3	3	4	5	4	3	4	3	5	4	3	3	3	4	4	3	4	4	4	3	3	2	3	4	3	2	
308	Joe Laurand	2018162308	3	1	11	4	1	3	4	1	2	3	3	1	4	1	4	1	2	2	3	2	2	4	3	3	4	5	4	4	4	3	
309	Jerry Slaight	2018162309	2	1	13	4	4	3	3	4	3	4	4	3	4	3	5	4	4	5	5	4	3	2	3	1	2	2	2	4	2	2	
310	Lorilee Dakhno	2018162310	1	1	13	3	4	5	5	3	5	5	4	4	3	5	3	2	2	4	4	4	3	2	2	3	4	2	3	3	4	1	
311	Bert Southard	2018162311	1	2	15	5	3	4	5	5	5	3	3	5	5	4	3	3	2	5	4	4	4	3	1	3	2	4	2	2	2	2	
312	Maybelle Braunds	2018162312	3	1	14	3	3	2	1	3	4	2	3	4	1	3	2	3	3	3	1	3	3	5	5	4	3	4	4	3	5	3	
313	Robyn Spurling	2018162313	3	1	3	3	3	2	4	1	4	2	3	3	1	2	1	2	3	1	2	3	2	4	3	4	4	4	5	5	4	5	
314	Gottfried Grooby	2018162314	3	1	10	4	2	2	1	3	3	3	3	3	2	2	2	1	2	3	2	3	3	3	4	4	2	5	5	2	4	4	
315	Hamilton Cossum	2018162315	2	2	7	2	3	5	4	3	3	5	4	4	5	5	4	4	4	5	5	3	4	3	3	3	1	1	3	4	4	2	
316	Robin Crapper	2018162316	1	2	11	4	5	3	5	5	5	4	5	4	2	4	5	5	3	4	3	5	3	4	4	4	3	3	4	4	4	4	
317	Selene Hessentaler	2018162317	3	1	14	3	4	3	3	1	2	2	3	3	4	4	4	4	3	3	4	2	2	5	4	4	5	4	5	4	4	4	
318	Abdul Chrippes	2018162318	1	2	15	5	4	3	4	5	5	4	3	4	4	4	4	3	4	3	3	3	3	2	3	3	4	4	4	2	2	4	
319	Ebba Teaser	2018162319	2	1	6	3	3	4	3	5	5	3	4	5	5	5	3	4	4	5	4	5	5	3	2	2	3	2	4	2	1	4	
320	Ingaborg Ashfull	2018162320	1	2	2	4	4	5	5	3	4	3	5	5	5	3	3	5	4	5	3	2	2	3	1	2	1	2	4	3	4	4	
321	Betteanne Peasee	2018162321	2	1	11	5	3	2	5	4	3	3	2	5	5	4	4	5	4	4	4	4	4	2	1	3	4	4	2	2	4	3	
322	Brittney Goldsberry	2018162322	1	1	2	5	4	5	3	4	4	4	4	4	3	3	5	4	3	4	3	4	4	3	1	2	3	4	4	3	1	4	
323	Katleen Kalinowsky	2018162323	2	1	16	5	5	3	3	4	5	2	3	3	5	4	5	5	4	4	4	4	5	4	2	3	2	3	2	2	2	3	
324	Sherilyn Tayt	2018162324	2	1	17	3	3	5	4	4	4	3	3	4	4	4	4	4	3	5	4	3	5	2	4	2	1	2	3	2	4	2	
325	Gabriella Gyrgorcewicx	2018162325	2	2	17	3	3	5	5	3	3	4	4	4	5	4	4	3	5	4	5	5	4	2	4	1	2	1	2	2	3	2	
326	Stillman Kezar	2018162326	2	1	2	2	5	4	4	3	5	3	5	3	4	5	4	4	3	3	5	4	3	2	2	3	2	3	3	1	1	4	
327	Therese Pettwood	2018162327	3	2	15	4	2	3	2	1	3	1	3	3	1	3	4	1	1	3	4	1	2	3	3	3	4	4	4	3	4	4	
328	Merwyn Champerlen	2018162328	2	1	14	2	2	5	4	4	3	3	4	4	5	5	4	4	5	4	4	3	4	3	1	2	2	3	1	2	3	2	
329	Bryce Lemery	2018162329	1	1	13	5	3	4	5	5	3	5	4	4	4	3	4	3	4	4	3	3	4	3	4	1	1	4	2	3	1	3	
330	Margarette Wingar	2018162330	2	2	12	3	4	3	4	4	3	3	3	4	4	3	5	4	3	5	5	4	5	4	4	1	3	4	2	3	2	3	
331	Erna Alpine	2018162331	1	1	8	4	4	5	3	5	4	4	5	4	2	5	5	4	4	5	3	3	5	3	4	4	3	1	3	3	3	2	
332	Norry Fenge	2018162332	1	2	2	5	4	3	4	4	5	5	4	4	5	5	4	2	4	3	3	4	3	3	2	4	3	3	3	4	3	2	
333	Leroi Cavy	2018162333	3	2	17	3	2	2	3	3	3	4	3	2	3	2	3	3	2	2	3	3	4	4	5	5	5	5	3	4	4	4	
334	Hetti O'Heagertie	2018162334	2	2	10	5	4	5	2	5	2	5	3	3	3	4	3	4	4	5	5	3	3	3	3	3	2	3	1	2	3	2	
335	Rochester Anderbrugge	2018162335	1	1	10	4	5	5	3	4	4	5	5	4	4	4	2	3	3	3	4	4	3	2	4	4	4	3	4	2	2	3	
336	Tomlin Duckers	2018162336	1	1	1	4	4	4	5	3	5	5	4	4	5	4	3	4	4	3	2	3	3	3	2	2	3	3	3	3	2	4	
337	Gabriellia Pass	2018162337	3	1	7	2	3	3	4	2	3	4	3	2	2	2	1	1	3	3	3	2	3	5	5	4	4	4	5	3	5	5	
338	Teresa McRory	2018162338	3	2	4	1	3	1	2	1	3	1	3	3	3	4	2	1	1	2	2	2	4	5	4	5	4	4	4	4	4	3	
339	Dorena Tenby	2018162339	3	1	17	3	1	2	4	1	4	3	4	3	3	1	4	1	3	2	3	2	2	5	4	4	4	4	3	5	5	4	
340	Ania Senecaux	2018162340	2	1	15	5	3	3	4	5	3	5	4	4	5	3	4	3	5	5	4	3	5	2	4	4	3	1	1	2	3	2	
341	Ferdinande Knowlton	2018162341	1	1	12	4	4	4	5	4	5	4	4	5	3	4	3	4	4	5	5	3	3	3	3	3	1	2	1	4	3	4	
342	Bell Charville	2018162342	1	2	11	4	4	4	4	3	4	4	5	5	4	3	3	4	2	3	3	5	3	1	3	2	2	3	1	3	3	4	
343	Retha Gilloran	2018162343	3	2	5	2	2	3	1	1	2	1	3	1	3	3	3	1	1	3	4	3	2	5	3	5	5	5	4	5	3	4	
344	Rosaleen Golda	2018162344	3	2	17	3	3	4	1	4	4	3	3	4	4	3	1	4	1	2	3	1	3	3	4	4	2	3	3	4	5	5	
345	Corrie Eates	2018162345	2	1	8	3	5	2	4	4	5	3	3	5	4	5	5	3	4	5	5	3	3	2	1	3	3	2	2	3	1	3	
346	Berget Brockington	2018162346	1	2	1	4	3	3	4	4	3	4	5	5	3	5	3	4	3	4	4	2	5	3	3	4	4	2	2	2	4	4	
347	Elora Dedman	2018162347	3	2	14	2	3	2	3	3	4	2	2	3	2	1	4	3	1	3	3	3	4	3	5	3	4	2	3	3	2	5	
348	Myra Terney	2018162348	3	2	10	2	3	4	3	4	2	3	3	4	2	2	2	2	3	2	2	2	1	5	2	4	4	5	4	5	5	5	
349	Florentia Carvell	2018162349	1	2	1	5	4	3	4	5	5	5	4	3	3	3	4	3	3	5	3	3	2	2	1	2	1	2	1	3	4	2	
350	Teador MacPaden	2018162350	3	2	5	4	3	4	2	3	4	1	3	4	1	3	4	4	2	3	2	4	4	4	3	2	4	4	4	5	3	5	
351	Deeann Gever	2018162351	1	1	5	4	3	4	4	4	4	5	3	5	5	3	4	5	5	3	4	3	4	4	2	4	1	4	4	4	4	3	
352	Hube Ebrall	2018162352	2	2	1	3	5	5	5	4	3	3	4	5	5	4	3	4	4	5	5	4	5	3	4	2	1	4	3	2	2	3	
353	Lidia Romeril	2018162353	3	1	2	4	2	2	2	2	1	4	3	2	1	3	3	3	4	4	3	1	2	4	2	5	5	4	4	5	3	5	
354	Ingaborg Winders	2018162354	1	2	6	4	5	3	4	4	3	4	3	3	3	4	4	2	4	3	2	3	4	2	3	4	3	4	2	4	1	2	
355	Leonelle Scudamore	2018162355	1	2	8	5	3	4	3	4	4	4	5	4	3	5	4	2	2	3	4	4	5	3	3	3	1	3	2	2	4	2	
356	Nevins Getcliff	2018162356	1	1	15	3	4	5	5	3	5	3	3	4	4	3	5	4	4	4	4	3	4	3	4	1	1	3	1	3	4	4	
357	Florida Vanyashin	2018162357	1	1	3	3	4	3	5	4	3	4	4	3	3	4	5	3	4	4	4	5	3	2	4	3	4	3	4	3	3	3	
358	Cly Adney	2018162358	2	1	13	5	4	2	3	4	4	3	3	4	4	4	3	5	4	3	4	3	4	1	2	3	2	2	2	1	3	3	
359	Vita Thorby	2018162359	2	2	11	3	4	2	3	3	4	3	3	4	5	4	5	5	3	5	4	5	4	3	3	1	2	1	1	3	2	2	
360	Afton Alexsandrov	2018162360	1	1	17	5	5	3	4	5	3	4	4	4	4	3	3	5	3	4	4	5	5	3	2	4	3	4	3	2	2	1	
361	Giffard Spiller	2018162361	2	2	2	3	5	3	4	4	3	2	2	3	5	5	4	5	4	5	4	3	4	4	1	2	2	3	2	2	4	2	
362	Cecil Glisenan	2018162362	2	1	14	4	2	2	3	3	2	4	2	4	4	5	4	5	3	5	4	3	4	1	3	3	2	1	3	4	4	3	
363	Alanah Norcliffe	2018162363	3	1	16	3	1	1	4	2	1	3	3	3	3	2	3	2	3	3	4	3	2	5	4	3	4	4	3	3	4	4	
364	Rora Greated	2018162364	2	1	15	3	3	5	4	4	3	3	2	4	5	5	4	4	5	4	5	3	5	3	3	3	2	2	2	4	3	2	
365	Roley Drew	2018162365	1	2	12	4	3	3	5	5	5	4	5	5	2	3	4	4	4	4	4	2	5	3	3	3	2	1	3	4	2	4	
366	Tybie MacCurley	2018162366	1	2	14	5	5	3	5	4	4	5	4	5	4	5	5	5	4	4	5	4	4	3	3	4	2	1	1	3	4	2	
367	Ichabod Assinder	2018162367	3	2	10	3	2	2	1	3	4	3	4	2	4	3	2	1	1	3	3	2	3	4	4	5	5	5	5	4	5	2	
368	Benny Gueste	2018162368	2	2	8	2	4	5	3	4	3	3	3	5	5	5	3	3	4	4	3	5	3	2	2	2	3	1	2	2	4	2	
369	Letitia Hungerford	2018162369	1	2	5	4	5	3	3	4	4	5	5	5	5	4	4	3	4	3	4	3	4	4	3	3	2	1	4	4	3	3	
370	Yuma Mish	2018162370	1	2	14	4	5	4	4	3	3	4	3	5	5	5	3	2	3	3	2	3	3	3	3	2	3	2	4	4	3	3	
371	Freda Schleicher	2018162371	3	1	14	4	3	4	2	4	3	3	1	4	1	3	3	2	3	3	1	3	3	5	4	3	2	3	3	5	5	4	
372	Brandea Kleewein	2018162372	1	1	13	4	5	4	4	3	5	4	4	4	4	3	5	3	2	4	5	3	5	4	4	3	2	4	4	1	3	4	
373	Kelbee Pedrollo	2018162373	1	2	14	5	4	4	5	5	3	3	4	5	3	4	3	5	2	2	4	4	3	3	4	3	2	2	3	3	4	4	
374	Flemming Warret	2018162374	3	2	11	1	3	4	1	1	3	3	4	4	2	1	2	1	2	3	4	2	1	4	5	3	2	4	5	4	5	4	
375	Ade Gookes	2018162375	2	2	14	5	4	5	4	5	2	5	4	3	5	3	5	5	5	4	3	4	5	3	4	4	2	4	1	3	1	4	
376	Dory Bearne	2018162376	3	2	4	3	4	3	2	3	4	3	3	3	2	3	3	3	4	3	3	3	2	4	5	5	5	5	4	3	2	4	
377	Kylie Simper	2018162377	1	1	16	4	5	3	4	4	4	4	3	3	4	3	4	5	4	4	3	3	5	2	3	4	1	3	2	4	3	3	
378	Smith Bertson	2018162378	3	2	17	3	4	4	2	1	3	1	3	4	3	2	4	3	3	1	3	2	3	5	3	4	3	5	5	4	4	5	
379	Holt Delagua	2018162379	1	1	12	4	4	4	4	5	3	4	5	5	3	4	5	4	2	4	5	5	3	3	1	3	4	3	3	1	2	3	
380	Edsel Bollands	2018162380	3	1	6	1	2	3	3	3	1	1	3	4	1	3	3	3	2	4	1	4	2	4	4	4	3	4	3	5	3	3	
381	Dorelle Lionel	2018162381	3	1	8	4	3	3	3	2	3	1	3	4	4	3	4	3	3	3	1	2	1	5	4	4	4	5	5	3	2	3	
382	Demetrius Avrasin	2018162382	1	2	10	5	4	3	5	5	4	4	4	3	5	3	5	4	4	5	4	5	3	2	3	2	1	2	4	3	2	4	
383	Cathrine Bentote	2018162383	2	1	1	3	4	4	3	4	4	3	5	5	5	4	3	3	3	4	3	3	4	4	2	2	3	3	2	2	2	3	
384	Susi Silvermann	2018162384	1	1	15	4	5	5	4	5	4	3	5	5	5	5	5	4	3	5	5	4	4	3	4	2	2	3	2	3	2	3	
385	Jaynell Longmead	2018162385	3	2	3	3	2	1	3	3	3	3	3	1	4	4	2	2	3	4	3	3	2	3	3	5	3	4	4	3	4	3	
386	Sophi Luchetti	2018162386	2	1	16	2	4	5	3	3	5	3	5	3	3	3	5	4	4	5	3	5	5	1	2	3	3	3	2	3	3	3	
387	Caryn Lindsley	2018162387	1	2	2	5	5	5	5	5	5	3	3	5	4	5	4	4	5	5	5	3	4	4	3	4	1	3	3	4	2	3	
388	Nesta Antognetti	2018162388	3	1	16	2	3	3	3	3	3	2	1	4	2	3	2	3	4	2	3	1	2	4	4	3	4	3	2	5	4	4	
389	Jodie Kewzick	2018162389	1	2	4	4	3	5	4	4	3	3	4	4	4	4	3	2	3	5	5	4	3	4	3	2	3	4	3	3	2	4	
390	Keary Jarville	2018162390	3	2	3	2	2	3	3	1	2	4	2	1	3	1	1	3	2	4	3	4	3	5	5	3	4	4	5	4	4	4	
391	Patten Stenson	2018162391	3	2	3	3	4	3	2	4	3	4	2	3	2	4	4	3	2	1	3	2	2	5	5	4	3	5	4	3	3	4	
392	Roze Stains	2018162392	1	2	2	3	4	5	4	4	3	4	4	5	4	2	2	2	2	4	3	5	4	2	4	1	4	1	1	3	4	2	
393	Marmaduke Loiterton	2018162393	1	2	4	3	5	5	5	5	5	3	4	4	4	5	5	3	2	3	3	5	3	1	3	3	4	3	3	3	4	3	
394	Kim Lucio	2018162394	3	1	6	1	1	4	4	3	2	3	2	2	2	3	3	1	2	4	1	4	3	4	4	5	2	4	4	3	3	5	
395	Ferdinanda Maisey	2018162395	1	2	13	4	5	4	4	4	4	4	4	4	3	4	4	3	4	5	2	3	2	1	4	2	3	3	3	3	3	1	
396	Garv Howieson	2018162396	3	2	12	2	3	2	4	3	3	1	1	2	2	2	4	1	2	3	3	3	1	3	4	3	5	5	2	5	4	4	
397	Lillis Minney	2018162397	3	2	10	1	2	1	4	4	2	2	2	1	2	2	3	3	3	2	3	2	3	4	3	3	3	5	5	2	3	4	
398	Langston Greendale	2018162398	1	1	13	5	4	4	4	4	5	3	5	4	2	4	4	3	3	4	5	4	3	3	1	1	2	3	3	2	3	4	
399	Mamie Wiper	2018162399	3	1	8	2	3	1	3	2	2	1	2	1	2	3	3	2	3	2	4	3	3	2	4	3	2	5	5	4	5	5	
400	Garnet Dencs	2018162400	3	2	10	3	4	3	3	3	1	2	3	3	3	3	1	2	4	1	1	4	3	3	5	4	4	3	3	5	4	4	
401	Lothaire Peplay	2018162401	2	1	5	5	3	4	3	5	5	5	3	5	5	4	4	3	4	5	4	4	5	1	3	4	3	2	3	1	4	1	
402	Melli Fiennes	2018162402	1	2	1	3	5	4	4	5	4	3	4	4	3	3	2	4	3	3	3	4	3	1	3	4	4	4	3	3	2	3	
403	Ewan Brownsea	2018162403	2	2	14	4	3	4	3	2	4	3	4	4	3	4	4	5	4	4	4	4	5	4	4	3	1	2	2	2	3	3	
404	Bronny Kinlock	2018162404	1	2	13	4	3	4	4	5	3	4	3	4	5	3	4	2	4	3	3	4	5	3	1	3	3	4	2	4	4	2	
405	Perrine Mohring	2018162405	2	1	2	4	4	5	3	4	4	3	4	3	4	4	3	5	5	4	3	5	4	3	3	2	2	3	1	3	3	3	
406	Skipper Valenti	2018162406	3	2	10	1	1	1	4	1	1	2	2	2	2	1	4	1	1	4	4	4	2	4	5	4	4	2	2	2	4	4	
407	Matthew Durston	2018162407	2	1	16	4	3	2	4	4	4	5	3	3	5	5	4	4	3	3	3	5	5	2	1	2	2	2	1	3	3	3	
408	Marlo Gamlen	2018162408	1	2	2	4	5	4	5	4	5	4	5	4	5	4	3	5	2	5	5	4	3	3	2	3	4	2	1	3	3	3	
409	Karin Colston	2018162409	3	1	10	1	2	3	1	3	3	3	3	2	3	3	3	4	3	2	2	3	4	5	4	5	4	4	4	5	3	3	
410	Felix Harrod	2018162410	3	1	13	1	3	3	3	3	3	2	3	1	1	2	2	3	3	2	1	3	1	4	4	4	5	3	3	5	3	2	
411	Eachelle Nobles	2018162411	1	2	7	4	3	3	5	5	5	5	3	5	3	5	2	4	4	5	3	4	4	3	1	3	3	3	3	3	2	3	
412	Ilise De Benedictis	2018162412	2	1	15	4	3	3	3	2	4	4	5	3	4	4	5	5	3	3	4	4	4	1	2	1	1	3	2	1	4	3	
413	Jessamyn McCrow	2018162413	2	1	16	2	3	3	5	3	4	4	3	3	5	3	3	4	5	4	5	4	5	2	3	2	2	3	3	2	4	3	
414	Correy Meletti	2018162414	2	1	13	3	5	3	4	3	4	4	4	5	4	4	3	5	4	4	5	4	3	3	2	1	2	2	3	1	4	3	
415	Darn Bousquet	2018162415	2	2	10	5	3	4	4	5	2	4	2	2	5	5	5	5	5	4	4	3	3	3	3	1	1	3	3	1	3	3	
416	Beverlee Trye	2018162416	2	2	8	5	4	4	4	3	2	4	3	3	5	4	5	4	3	5	4	5	5	3	1	3	4	3	2	3	3	3	
417	Nealon Estoile	2018162417	3	2	14	1	3	3	2	4	2	1	3	3	3	4	3	2	4	2	2	1	1	5	4	5	5	4	3	2	5	4	
418	Cash Lukas	2018162418	2	1	3	4	2	4	5	3	3	3	4	3	4	5	4	5	5	4	3	4	4	3	2	1	2	3	4	4	2	2	
419	Seward Bartoleyn	2018162419	3	1	10	4	1	3	2	4	4	1	1	3	3	3	3	3	3	1	1	3	2	4	3	4	4	5	2	3	5	4	
420	Gilberta Honnicott	2018162420	2	2	16	3	4	5	4	3	2	4	4	4	5	4	4	4	4	3	4	5	5	1	1	3	2	4	1	1	4	1	
421	Nanon Skerme	2018162421	1	1	5	5	4	5	4	3	5	3	4	5	3	3	3	5	5	4	3	3	3	3	2	3	1	3	2	2	2	3	
422	Binny Carwithim	2018162422	1	2	6	3	3	3	3	4	4	4	5	3	3	5	2	4	5	2	4	5	5	4	2	3	1	2	1	2	2	4	
423	Garry Pietrasik	2018162423	2	2	6	3	5	3	3	4	4	4	4	3	3	4	5	4	4	3	5	5	5	3	1	1	3	3	4	3	3	1	
424	Billie Izatt	2018162424	2	2	16	2	3	5	4	5	5	3	4	4	3	5	4	5	4	3	4	4	4	3	2	3	2	3	2	3	3	2	
425	Tracie Stonestreet	2018162425	3	2	10	3	3	2	4	1	2	2	3	3	3	1	2	3	4	4	3	3	3	5	5	4	3	5	4	5	2	2	
426	Rozalin Kubecka	2018162426	3	1	4	3	1	3	4	3	2	3	3	1	4	2	2	3	3	3	2	1	3	5	3	3	5	3	4	5	4	4	
427	Giff Pactat	2018162427	2	2	2	5	3	5	4	2	2	3	4	4	5	5	3	4	4	5	4	3	5	2	2	3	2	2	3	2	2	3	
428	Chelsie Farrimond	2018162428	3	1	11	3	2	4	4	4	3	2	4	4	2	1	2	4	3	3	1	1	4	5	3	3	3	4	4	4	5	5	
429	Mellisa Gudyer	2018162429	2	1	3	5	2	3	2	3	5	3	4	4	5	3	5	5	3	5	4	5	3	3	2	3	2	3	1	2	2	2	
430	Deni Aubery	2018162430	2	2	2	3	5	4	3	5	4	4	5	5	3	5	5	4	5	5	5	5	3	3	3	3	3	3	3	1	1	3	
431	Almeta Duer	2018162431	2	2	5	2	5	4	5	3	3	4	4	3	5	3	5	4	4	5	3	4	5	2	3	2	4	2	4	3	1	1	
432	Winifield Polglase	2018162432	3	1	13	2	3	1	4	3	3	3	1	3	3	4	3	2	4	4	2	4	2	5	2	3	4	3	4	4	4	5	
433	Marietta Coope	2018162433	1	2	5	5	4	3	3	5	5	3	4	3	3	3	4	4	4	4	3	5	3	1	1	1	4	3	2	2	2	4	
434	Mick Maestro	2018162434	3	1	17	3	1	4	1	3	3	4	3	3	2	3	3	3	3	4	4	3	3	5	3	3	5	5	3	4	5	3	
435	Abagael Stanyland	2018162435	1	2	2	4	4	5	5	5	4	4	5	5	4	2	3	3	3	3	3	4	3	2	3	3	3	4	4	3	3	3	
436	Stanislaw Janman	2018162436	3	2	11	1	4	2	2	4	4	3	2	1	2	1	1	3	2	1	3	4	4	5	5	5	4	3	5	2	5	5	
437	Herminia McVey	2018162437	3	1	13	3	3	2	4	1	2	2	1	4	1	3	1	3	3	2	2	4	1	5	5	3	3	5	5	4	3	3	
438	Hoyt Shaughnessy	2018162438	3	1	11	4	3	1	2	1	1	2	1	2	3	4	4	3	3	1	3	2	2	5	3	4	3	3	3	4	2	3	
439	Aaren Cassells	2018162439	2	2	17	2	3	4	5	4	5	4	2	3	3	3	5	3	5	4	3	4	4	2	4	1	2	3	3	2	2	3	
440	Ronna Wigfield	2018162440	3	1	6	3	3	3	3	3	3	4	3	2	1	3	2	3	4	1	3	3	3	5	4	5	4	4	3	3	3	5	
441	Cele Gatehouse	2018162441	1	2	1	4	5	4	5	3	5	3	5	4	5	3	4	3	3	5	5	5	4	2	3	1	1	2	4	3	3	4	
442	Myer Toner	2018162442	2	1	6	3	3	2	3	4	2	5	2	3	4	5	4	5	4	3	5	4	4	4	3	4	2	3	4	4	2	2	
443	Lorilee Maciocia	2018162443	1	1	1	3	5	3	3	4	4	5	5	4	3	3	4	5	3	3	2	3	4	3	4	3	4	1	4	2	1	2	
444	Melinde Strettell	2018162444	1	2	14	4	3	5	4	4	3	4	3	5	3	3	4	4	4	4	4	2	4	3	3	4	3	2	2	4	2	4	
445	Ellyn Chaldecott	2018162445	3	2	1	4	3	1	2	3	3	4	3	2	3	4	1	2	1	2	3	3	3	3	4	3	5	5	2	5	5	4	
446	Ware Baudou	2018162446	3	2	3	1	4	2	1	4	4	4	3	3	3	2	4	2	4	3	3	3	1	5	3	4	3	5	2	4	4	3	
447	Christian Harriday	2018162447	3	2	12	3	4	2	3	3	4	1	2	4	1	4	4	1	4	3	4	3	4	4	5	4	5	3	5	4	4	5	
448	Corry Donohoe	2018162448	3	1	7	2	2	1	1	4	3	3	3	3	4	3	1	3	3	2	4	2	4	4	5	4	5	3	3	4	3	2	
449	Sharon Liptrot	2018162449	2	2	9	4	3	3	3	3	5	5	5	5	4	5	3	4	4	3	4	4	5	4	1	2	1	4	4	4	1	1	
450	Malvina Imore	2018162450	2	2	7	5	4	4	4	2	2	4	4	5	4	5	4	5	3	3	4	3	4	4	3	4	3	1	2	3	4	4	
451	Jammie Rimmer	2018162451	2	2	13	4	2	4	4	2	3	3	3	3	4	5	3	5	5	4	3	5	5	4	2	2	1	2	1	4	3	2	
452	Orazio Ornillos	2018162452	2	2	2	4	3	4	3	3	4	5	5	3	3	4	5	3	3	5	4	5	4	4	4	4	2	3	4	2	4	3	
453	Mano MacKintosh	2018162453	3	2	9	1	2	2	1	3	3	3	1	3	3	3	2	2	3	4	2	2	3	3	5	3	4	5	5	4	4	2	
454	Lothaire Eberts	2018162454	2	1	9	4	2	5	4	3	5	3	3	3	4	5	4	5	3	5	3	5	3	4	2	2	2	2	1	1	2	4	
455	Paolina Barnaclough	2018162455	1	1	14	5	5	5	5	3	4	3	4	3	3	5	3	4	5	4	4	5	5	1	1	4	3	3	4	2	4	3	
456	Boris Dyka	2018162456	3	1	11	1	3	3	2	3	3	3	1	2	1	2	3	3	3	3	1	1	3	5	3	2	3	4	4	4	4	4	
457	Gloriana Couper	2018162457	3	1	2	1	1	4	3	1	1	4	4	4	3	3	3	1	4	3	2	3	1	5	5	3	4	3	5	5	4	5	
458	Melodee Fitzsimmons	2018162458	2	2	4	5	4	4	5	3	2	4	4	4	3	3	5	4	4	3	5	3	4	3	4	1	4	2	3	2	2	4	
459	Dulsea Found	2018162459	2	1	14	4	3	4	4	4	2	3	3	4	5	5	5	5	5	4	5	4	3	1	2	3	4	1	3	3	3	3	
460	Devin Bosma	2018162460	3	2	17	3	3	4	2	3	1	3	2	3	1	3	3	4	2	4	3	1	3	3	5	5	5	4	5	4	4	5	
461	Eva Peatt	2018162461	2	2	16	4	4	5	5	3	2	3	4	3	4	4	4	5	5	4	5	5	3	2	2	2	2	4	2	3	2	1	
462	Enos Jahnke	2018162462	1	2	17	5	5	5	4	5	4	3	4	5	3	4	4	2	3	3	4	5	3	3	2	4	4	3	3	4	3	3	
463	Jerrine Le Marchant	2018162463	3	2	7	4	3	1	3	4	1	2	4	2	3	3	2	3	1	1	2	1	1	4	5	3	4	3	3	4	5	5	
464	Kath Horley	2018162464	2	2	5	5	3	3	5	5	5	3	3	3	5	4	3	4	4	3	3	5	4	4	3	3	4	3	4	1	3	2	
465	Stephani Claridge	2018162465	3	1	15	3	4	3	3	3	3	4	1	3	4	4	1	3	3	3	3	2	1	4	3	5	3	2	4	4	5	3	
466	Clea D' Angelo	2018162466	3	1	5	2	1	3	1	2	3	2	2	4	3	3	2	1	4	3	3	3	3	4	5	3	3	5	4	5	3	4	
467	Augustina Brimmicombe	2018162467	1	2	8	4	4	5	3	5	5	5	5	4	3	3	4	3	3	3	3	3	3	2	4	3	4	3	4	4	1	4	
468	Giovanni Ziemsen	2018162468	1	1	5	4	4	4	4	5	3	5	3	3	4	4	4	5	3	4	4	4	2	1	2	4	3	2	3	1	3	1	
469	Ann Yeaman	2018162469	3	2	11	4	4	4	3	2	1	3	3	3	2	1	3	3	3	3	3	2	3	2	4	5	5	4	3	3	5	5	
470	Joann Wafer	2018162470	3	1	16	1	2	4	2	2	1	4	4	1	3	4	3	2	2	1	3	1	1	4	3	5	4	2	4	5	4	3	
471	Gertrud Eyam	2018162471	2	2	15	4	4	2	4	5	3	5	3	3	5	3	3	5	4	5	5	4	4	2	3	4	3	2	3	3	3	3	
472	Eolande Southwood	2018162472	1	2	6	4	3	4	4	3	3	4	3	5	4	4	4	3	4	5	2	4	3	2	2	2	4	4	1	1	2	4	
473	Kissiah Balentyne	2018162473	1	2	12	5	4	4	4	4	5	3	5	3	5	5	5	5	4	5	4	4	5	3	2	3	2	2	3	3	3	3	
474	Inglis Satford	2018162474	3	1	8	4	4	3	2	4	3	2	4	3	3	3	2	3	1	3	1	1	3	3	4	4	5	4	5	3	4	4	
475	Brande Penton	2018162475	2	1	8	4	3	3	3	4	5	4	3	3	4	3	3	4	4	4	5	4	3	4	1	3	3	4	2	3	3	4	
476	Ginnie Pailin	2018162476	1	1	8	4	4	4	3	5	5	4	3	4	3	2	5	2	4	3	5	4	2	3	2	3	2	2	2	3	3	3	
477	Milty Di Maggio	2018162477	2	2	14	2	5	2	5	5	5	4	4	4	4	3	4	3	3	4	3	3	4	2	1	2	2	3	3	1	3	3	
478	Bret Simms	2018162478	3	2	14	1	3	3	1	2	1	3	4	3	1	2	2	1	4	4	4	1	1	4	4	3	5	2	4	4	4	4	
479	Shaw Bohler	2018162479	2	1	12	3	5	4	3	2	2	5	2	3	4	3	3	5	4	5	4	3	5	2	2	1	3	2	3	2	2	2	
480	Elita Motton	2018162480	2	2	3	5	5	5	4	4	3	3	2	3	5	4	3	3	4	3	5	3	4	3	3	1	2	2	1	4	2	2	
481	Helyn Huncoot	2018162481	1	2	7	3	4	4	4	5	5	5	4	3	5	3	3	4	5	4	2	3	4	4	4	3	3	3	3	2	4	4	
482	Sib Wippermann	2018162482	3	1	15	4	3	3	2	1	3	3	2	3	1	3	2	4	4	1	3	3	3	2	4	4	4	4	4	3	4	4	
483	Tucker Cohalan	2018162483	1	2	1	5	4	3	5	5	4	4	4	3	5	5	5	2	4	3	5	3	4	2	3	4	3	3	3	2	3	3	
484	Geoffry Rabat	2018162484	2	2	10	5	4	5	3	4	4	4	4	3	4	4	3	5	4	5	5	5	3	2	4	2	2	2	3	2	3	2	
485	Catherine Sherlaw	2018162485	2	1	8	2	3	5	3	4	3	5	3	4	3	3	3	3	4	5	5	4	4	1	2	1	1	4	2	3	3	4	
486	Nikola Cattonnet	2018162486	2	1	2	3	3	4	3	4	5	5	4	3	4	5	5	3	4	5	4	4	4	3	3	1	2	3	3	2	2	3	
487	Karina Morrill	2018162487	3	2	13	3	1	1	3	2	3	3	2	2	3	4	4	3	4	4	1	1	4	4	4	2	5	4	5	5	4	5	
488	Jeffy Durdy	2018162488	1	1	14	4	5	3	3	5	3	5	3	5	5	4	5	5	3	3	4	2	2	2	3	4	2	4	2	2	3	3	
489	Claudius Tithacott	2018162489	3	2	15	1	3	1	4	2	4	2	2	4	4	3	2	4	4	1	1	3	1	4	4	4	4	4	5	4	3	5	
490	Waylon Dello	2018162490	3	2	12	3	3	2	2	3	4	3	3	2	3	1	3	4	3	1	3	3	1	2	5	3	4	5	4	4	4	5	
491	Bale Marians	2018162491	2	1	9	5	5	3	3	4	3	3	3	4	3	4	3	3	5	5	4	5	4	1	2	3	3	2	3	3	3	2	
492	Merell McTrustrie	2018162492	1	1	7	5	5	4	5	4	3	3	3	5	3	4	4	4	5	2	5	3	3	3	3	3	1	3	2	1	4	2	
493	Sheena Hallybone	2018162493	1	1	13	4	5	5	4	3	4	5	4	4	3	2	5	4	2	3	5	3	4	3	4	3	3	4	2	3	3	2	
494	Morris Ramard	2018162494	1	2	15	5	3	3	5	4	3	4	3	3	5	2	2	4	4	3	4	4	4	2	2	3	1	2	3	2	2	3	
495	Cissy Gricewood	2018162495	3	1	15	1	4	3	3	3	2	2	3	3	3	3	1	1	3	3	3	4	3	4	2	5	4	2	2	5	4	5	
496	Rollin Galego	2018162496	3	1	14	2	2	3	4	2	3	2	1	3	2	3	3	3	1	3	3	1	4	4	2	2	5	5	4	5	3	4	
497	Marigold Lythgoe	2018162497	3	2	8	3	1	3	1	1	1	1	1	3	2	4	1	2	1	1	2	1	3	2	3	5	5	4	3	3	5	2	
498	Sheena Hailwood	2018162498	1	1	4	3	4	4	3	4	5	3	3	4	4	5	5	5	4	4	4	3	4	3	2	2	3	4	1	3	2	3	
499	Patsy Raincin	2018162499	3	2	2	3	3	3	3	3	3	3	1	4	3	4	4	4	3	3	2	3	3	5	5	2	5	4	4	4	3	4	
500	Barty Goodger	2018162500	3	1	10	1	3	3	3	4	3	1	2	4	4	4	1	3	3	1	1	3	1	2	4	3	5	5	2	5	3	4	
501	Jordon Waddoups	2018162501	3	1	8	3	4	3	2	4	3	1	4	3	2	4	3	2	1	3	3	4	3	4	5	5	2	3	3	4	4	4	
502	Inigo Fearn	2018162502	3	2	13	1	1	1	3	3	2	2	4	1	3	3	1	1	1	1	2	3	2	4	4	5	4	3	4	4	5	4	
503	Hanni Pury	2018162503	3	1	13	1	2	3	2	4	3	3	4	3	2	1	3	3	3	1	3	1	4	5	4	3	4	3	5	4	2	5	
504	Adham Davidowsky	2018162504	3	1	16	3	2	1	4	3	4	4	3	1	1	3	4	1	1	1	4	1	3	4	5	3	4	3	5	5	2	5	
505	Susy Hamal	2018162505	1	2	15	4	5	4	4	4	3	4	5	3	5	3	3	3	4	4	4	3	5	3	3	2	3	2	2	3	3	2	
506	Clarine Ide	2018162506	2	2	13	3	3	5	4	4	3	3	3	5	3	5	4	5	3	3	5	4	5	2	3	3	3	3	2	4	4	2	
507	Byran Tomasino	2018162507	3	1	3	4	1	4	1	3	3	3	3	3	3	2	3	1	1	4	2	4	4	3	3	5	5	4	3	4	4	3	
508	Titus Ference	2018162508	3	1	6	3	1	2	3	2	4	4	2	3	3	3	3	2	1	3	3	1	2	5	4	4	5	3	5	5	2	3	
509	Annadiana Reef	2018162509	3	1	7	2	2	3	3	2	3	3	1	4	4	2	1	4	3	4	2	2	3	4	4	2	4	3	4	5	5	4	
510	Charlean Mouth	2018162510	2	1	4	4	2	4	4	2	3	4	5	3	3	4	4	4	5	4	3	4	4	2	4	3	3	2	4	1	3	3	
511	Phylys Branston	2018162511	2	1	10	4	5	4	5	3	4	4	5	4	4	3	3	4	3	4	5	4	5	2	3	3	3	4	2	4	3	1	
512	Gavan Koppens	2018162512	3	1	17	3	3	2	4	2	1	1	2	2	1	2	4	2	3	4	3	3	3	5	4	4	4	3	5	2	4	4	
513	Gherardo Loxly	2018162513	3	2	1	1	2	2	1	4	4	3	3	4	3	1	3	3	2	4	3	2	3	5	3	2	5	3	5	3	5	4	
514	Dun Mounce	2018162514	2	1	12	3	5	4	4	3	3	3	5	3	3	4	4	4	5	5	3	4	3	2	2	3	1	1	2	2	3	2	
515	Sissy McGeneay	2018162515	3	1	12	3	3	3	3	3	2	2	1	4	3	1	4	1	4	4	4	2	3	3	4	4	4	3	5	5	2	3	
516	Kizzee Hair	2018162516	2	1	1	3	4	2	4	4	4	2	4	2	3	3	5	3	3	3	4	4	5	2	1	4	4	4	2	3	2	2	
517	Gilligan Ladel	2018162517	1	1	14	3	3	3	4	5	5	3	3	3	5	4	3	5	4	3	3	3	5	3	1	2	3	4	3	2	4	3	
518	Niki Gerhardt	2018162518	2	1	1	3	5	4	4	4	4	3	2	4	5	5	4	4	5	4	4	4	4	4	4	2	3	2	1	1	3	2	
519	Culley Andreopolos	2018162519	2	1	9	5	4	3	2	5	3	4	5	4	5	4	4	4	4	5	4	3	5	3	2	3	3	3	1	3	2	2	
520	Alain Pinare	2018162520	3	1	2	2	3	3	2	3	1	3	2	2	3	1	2	2	3	2	1	1	4	4	4	4	3	3	5	4	4	4	
521	Bonita Ruben	2018162521	1	2	6	4	4	4	3	4	5	5	5	5	3	5	3	3	4	4	5	3	3	4	3	1	4	3	3	1	3	4	
522	Bill Oaker	2018162522	1	1	3	4	3	3	4	4	4	5	5	3	4	5	4	4	3	3	2	4	4	1	4	2	4	2	1	2	4	4	
523	Aimee Kinney	2018162523	2	2	12	4	4	3	3	3	3	4	3	3	5	5	5	5	3	4	3	4	3	3	2	1	2	1	2	2	3	1	
524	Aldo Ashment	2018162524	1	2	2	3	4	4	5	3	5	3	5	5	5	4	4	3	2	4	3	3	2	2	4	4	4	2	4	3	2	4	
525	Finlay Kopfen	2018162525	3	2	13	3	3	3	1	4	2	1	3	4	3	2	3	3	1	3	3	1	4	4	4	5	4	4	5	5	3	5	
526	Gwyn Yanukhin	2018162526	3	2	1	4	3	1	2	3	4	3	1	3	2	3	4	4	4	1	1	3	1	5	5	3	3	4	5	5	5	2	
527	Joya Onraet	2018162527	3	1	8	2	4	2	2	4	2	3	4	2	2	3	3	3	1	3	2	2	1	4	3	5	5	5	3	4	3	4	
528	Fallon Skpsey	2018162528	2	2	8	5	3	3	5	3	5	4	5	5	3	4	5	3	5	4	3	4	3	3	1	1	2	3	3	3	3	1	
529	Editha Sunners	2018162529	3	1	6	3	3	3	1	1	3	2	3	4	3	1	4	3	3	3	4	4	2	5	3	4	3	5	5	5	3	5	
530	Artus Pither	2018162530	2	2	16	3	4	2	4	3	3	4	4	4	4	5	4	3	3	3	3	4	4	2	3	3	1	4	3	3	3	2	
531	Winne Ingry	2018162531	2	2	7	2	4	3	4	3	4	4	5	4	5	4	5	5	4	4	5	5	5	2	4	3	1	1	1	3	2	1	
532	Lisa MacLeod	2018162532	3	2	15	4	4	2	3	4	1	3	2	3	1	4	4	3	2	4	1	2	2	5	5	5	5	3	3	3	2	4	
533	Tallie Klasing	2018162533	3	1	5	3	2	4	1	1	4	4	1	1	2	3	2	4	1	2	2	4	1	4	3	5	5	2	3	5	4	3	
534	Beverlee Anglin	2018162534	3	2	15	1	3	4	2	2	3	4	2	2	3	3	4	3	4	1	4	1	3	5	3	3	5	3	5	3	2	4	
535	Lenci Klimke	2018162535	3	2	3	4	3	2	3	3	2	3	2	3	3	3	2	2	3	1	3	3	3	5	4	4	5	3	5	3	5	3	
536	Leonore Cassley	2018162536	3	1	10	1	4	3	2	3	1	3	4	3	4	2	3	3	3	2	3	1	1	4	3	3	3	5	4	5	4	3	
537	Wilton Balk	2018162537	2	1	11	3	4	2	3	3	5	5	4	3	5	5	4	3	3	5	4	5	3	3	1	1	3	2	1	3	2	3	
538	Tilly Crummy	2018162538	3	2	4	2	3	3	3	1	1	3	1	3	3	1	3	3	1	2	1	3	4	3	4	5	4	5	5	5	4	4	
539	Josias Lattimer	2018162539	3	2	3	2	1	3	2	1	1	3	2	3	2	3	4	3	1	3	3	4	1	4	4	5	2	5	2	3	3	3	
540	Jedd Caddick	2018162540	1	1	3	5	4	4	5	4	4	4	4	5	5	4	5	3	4	5	4	5	4	4	3	3	3	3	1	2	3	3	
541	Elaine Wilcott	2018162541	1	1	6	5	4	4	4	3	4	4	5	4	3	5	2	2	4	3	2	3	3	4	4	3	3	2	4	2	1	3	
542	Sindee Dunthorne	2018162542	2	1	6	4	4	4	5	2	3	4	4	5	5	3	3	3	3	4	4	3	5	3	3	1	2	2	1	4	4	1	
543	Ailey Stiell	2018162543	1	1	14	3	5	3	4	4	4	4	3	3	5	2	4	3	4	3	3	4	4	2	3	2	4	2	3	1	4	1	
544	Wyn Pococke	2018162544	2	2	5	5	3	2	5	4	5	3	3	2	3	4	3	4	4	5	3	3	4	1	2	2	3	3	3	1	4	1	
545	Isadora Abyss	2018162545	2	1	8	3	4	3	3	5	5	4	4	4	5	5	4	4	5	4	5	3	5	3	1	3	1	4	2	1	3	3	
546	Aksel Geeritz	2018162546	3	2	10	3	3	4	4	4	2	3	3	3	1	1	1	3	3	1	4	2	2	4	3	4	4	5	4	4	3	4	
547	Karlotte Wilse	2018162547	1	1	17	3	3	3	4	4	3	3	3	5	4	5	5	3	3	3	3	4	3	1	2	4	4	2	3	1	2	3	
548	Klarika Ransley	2018162548	3	1	4	2	4	2	4	4	4	1	2	3	1	1	3	2	4	1	3	2	4	5	2	3	3	4	3	3	4	2	
549	Rickie Jarvie	2018162549	1	1	1	3	4	3	3	3	5	3	4	5	5	3	5	4	4	3	2	4	5	3	3	1	4	4	2	3	2	3	
550	Peadar Machel	2018162550	3	1	4	2	3	3	3	3	2	1	1	3	2	3	4	1	4	4	3	2	2	4	3	5	5	5	3	4	5	3	
551	Angelina Quartley	2018162551	1	2	17	4	5	3	4	5	3	5	5	5	2	3	5	3	3	5	5	5	5	3	1	2	2	2	2	3	3	1	
552	Griffith Crawforth	2018162552	2	1	2	2	3	4	5	2	5	3	3	4	4	5	4	5	5	3	5	4	3	4	1	4	2	3	3	3	2	3	
553	Donovan Henner	2018162553	2	1	12	5	3	4	3	4	4	4	5	3	3	5	3	4	5	5	5	3	3	2	3	2	3	3	3	3	3	3	
554	Aleta Ocheltree	2018162554	3	2	6	3	1	3	1	3	3	2	4	4	2	3	4	2	1	1	4	2	3	3	3	4	3	5	4	3	4	3	
555	Lina Placido	2018162555	3	1	16	2	4	1	3	3	4	3	2	3	3	2	1	3	2	2	3	2	1	5	3	5	4	3	4	4	3	5	
556	Stafani Bianco	2018162556	2	2	8	4	3	4	2	3	4	3	4	5	5	5	5	3	4	5	5	3	5	2	3	2	3	1	3	2	2	2	
557	Shea Codner	2018162557	3	1	8	3	1	4	3	1	3	1	3	1	1	2	4	2	4	3	3	4	3	3	5	4	5	5	4	4	4	4	
558	Nev Busse	2018162558	3	2	8	3	4	1	4	3	1	3	4	1	2	3	1	3	3	3	1	1	3	4	4	4	5	2	5	4	4	3	
559	Otto Raikes	2018162559	3	2	1	3	3	4	4	1	4	2	1	3	4	4	3	2	1	4	3	3	2	4	5	4	4	4	3	3	4	2	
560	Curr Whistlecroft	2018162560	1	2	6	4	4	4	4	4	3	4	5	3	5	5	3	3	3	4	3	5	3	4	3	3	1	2	3	1	1	3	
561	Mohammed Torra	2018162561	2	2	6	3	3	3	3	4	3	4	3	4	4	5	5	4	3	3	5	5	4	2	3	2	3	2	3	3	3	3	
562	Gabriellia Joysey	2018162562	3	2	2	2	3	2	2	3	4	4	3	4	1	2	4	4	1	2	3	2	3	2	4	3	5	5	5	5	3	5	
563	Franzen Repp	2018162563	2	1	9	5	3	4	5	5	2	2	3	4	4	4	5	5	3	3	3	3	4	1	2	4	2	3	2	2	2	3	
564	Dallas Grishankov	2018162564	2	2	2	5	4	3	4	4	4	2	2	5	3	4	5	4	3	4	3	4	5	3	3	2	1	3	2	4	2	3	
565	Reeva Schelle	2018162565	2	2	13	2	2	3	3	3	4	4	4	5	3	3	3	4	5	4	3	4	3	2	3	2	2	3	3	1	3	2	
566	Cosetta Ovens	2018162566	2	2	17	2	3	3	2	3	2	4	5	5	4	5	4	3	5	3	5	3	3	4	1	2	3	1	2	2	3	2	
567	Felic Crosetto	2018162567	3	2	14	3	3	2	3	3	1	1	3	4	3	3	4	2	3	1	3	3	4	3	3	4	4	5	3	4	2	3	
568	Merna Wohler	2018162568	3	1	2	2	4	1	3	3	3	4	3	1	3	3	2	2	1	1	3	4	2	4	3	5	5	3	5	3	4	3	
569	Thedrick Calender	2018162569	1	2	2	3	4	5	4	4	4	3	3	4	4	4	2	3	4	5	3	3	3	3	2	4	4	3	4	3	3	4	
570	Barbabas Hatwells	2018162570	2	2	15	4	4	2	3	4	3	4	5	3	3	5	3	5	5	4	4	4	5	4	3	3	3	2	1	4	2	2	
571	Allie Chewter	2018162571	3	2	13	4	2	3	4	2	2	3	2	2	4	4	1	3	3	3	3	2	1	5	5	5	3	2	3	5	5	4	
572	Jackie Nice	2018162572	3	2	8	3	1	4	4	3	1	3	1	4	3	1	1	3	4	4	3	3	4	5	4	5	5	3	2	4	2	5	
573	Brew Berrane	2018162573	3	2	7	1	2	3	3	3	4	3	1	1	1	3	2	3	4	1	2	3	3	4	3	4	3	3	5	5	4	4	
574	Sigvard Dumingos	2018162574	2	1	9	4	3	5	4	3	3	4	3	3	3	5	5	4	4	5	4	5	5	2	2	3	4	2	3	3	2	3	
575	Marlee Tosdevin	2018162575	3	1	4	4	2	2	3	1	1	4	4	2	4	2	3	2	4	3	4	3	1	4	4	2	4	3	4	4	2	5	
576	Durward Pilmore	2018162576	1	2	17	4	3	4	3	5	4	4	5	3	2	2	3	4	2	3	2	3	4	4	1	2	1	3	3	3	2	3	
577	Jacky Buxsy	2018162577	2	2	17	3	3	3	5	3	3	5	3	4	4	3	4	3	3	4	3	4	4	1	2	2	1	1	2	4	2	2	
578	Brian Leahy	2018162578	2	1	13	4	4	2	4	5	3	3	4	2	4	3	4	4	4	4	3	3	4	4	4	2	2	1	1	1	3	4	
579	Sibilla Herreros	2018162579	2	1	17	5	3	4	5	4	5	2	3	4	5	4	4	4	4	4	3	5	4	2	2	3	3	2	1	1	3	1	
580	Almire Griniov	2018162580	2	2	7	3	5	3	4	4	2	4	5	3	4	5	5	3	5	3	4	3	3	1	2	3	3	3	3	3	3	4	
581	Isaac Bannon	2018162581	2	2	6	3	4	3	4	5	3	4	3	3	3	4	4	4	4	5	5	3	5	3	3	1	2	4	4	4	2	3	
582	Cherianne Valett	2018162582	1	2	10	5	5	5	4	4	4	5	5	5	4	2	4	3	4	3	5	5	3	4	3	2	2	4	4	1	4	2	
583	Angy Sheerman	2018162583	3	1	13	4	3	3	2	4	4	3	2	1	4	3	2	2	4	1	2	3	1	3	5	4	2	4	4	4	2	4	
584	Bride McCraine	2018162584	1	1	6	5	4	4	3	5	4	5	5	4	2	3	3	3	2	4	4	4	5	4	4	4	2	2	2	3	4	4	
585	Goldy Cleife	2018162585	3	1	9	4	3	1	3	1	2	3	1	1	1	2	4	1	4	2	3	3	3	5	5	2	5	4	4	5	5	4	
586	Redd Barr	2018162586	2	2	1	4	3	2	5	3	5	4	4	3	3	4	5	5	5	3	4	3	4	3	1	2	2	3	3	2	1	3	
587	Anselma Chorlton	2018162587	1	2	9	5	4	5	3	3	5	4	4	5	4	5	4	5	5	4	4	4	4	3	4	4	4	1	3	3	3	2	
588	Sibby Phelipeaux	2018162588	1	2	17	5	5	4	5	3	4	4	4	4	5	4	3	3	3	3	3	3	4	4	1	4	3	4	4	3	4	3	
589	Fredra Smallcomb	2018162589	2	1	8	3	3	3	4	4	2	4	3	4	5	4	5	3	5	4	4	4	4	1	2	2	3	2	3	3	3	3	
590	Timi Gudgeon	2018162590	1	2	14	4	5	4	4	3	4	4	4	5	5	3	2	3	3	4	3	3	3	4	2	3	3	4	2	2	1	3	
591	Heath Ivanchin	2018162591	3	2	16	1	1	1	2	1	1	3	4	1	3	3	4	1	2	4	4	3	3	4	5	3	4	4	5	5	5	5	
592	Klement Barns	2018162592	2	2	2	3	3	3	4	4	4	2	4	3	5	3	5	4	3	4	3	4	3	2	2	4	3	2	1	3	3	2	
593	Viviana Keme	2018162593	3	2	9	3	1	3	4	3	3	3	2	2	3	1	2	4	1	1	3	4	3	5	5	4	3	5	5	4	5	3	
594	Morganica Overy	2018162594	3	2	10	2	2	4	2	2	3	3	2	2	4	2	4	3	4	3	3	2	2	3	4	5	4	4	5	3	5	3	
595	Vikky Lakin	2018162595	3	1	11	3	4	2	3	4	4	3	4	4	3	1	4	2	3	3	3	3	2	4	5	5	5	4	4	4	5	5	
596	Dory Brownsworth	2018162596	2	2	12	5	3	3	5	5	2	4	4	4	5	4	4	4	3	4	5	3	4	4	4	4	3	1	3	3	3	3	
597	Taite Colls	2018162597	2	2	5	4	4	2	5	3	5	3	3	4	4	4	5	5	5	4	4	5	5	3	1	3	3	2	3	3	4	3	
598	Georgeanna Christoffels	2018162598	3	2	16	3	4	3	3	3	3	2	1	3	2	2	1	3	4	2	1	3	3	4	3	5	3	5	4	3	3	5	
599	Chick Cavell	2018162599	2	1	17	5	4	4	2	4	3	5	3	5	5	5	4	5	4	5	5	3	5	3	4	2	3	3	3	2	1	4	
600	Quillan Megroff	2018162600	3	1	11	2	3	1	3	2	2	4	2	4	3	3	3	3	4	4	4	3	1	4	4	4	3	5	4	2	5	4	
601	Shelton Gellert	2018162601	1	1	14	4	4	5	4	3	3	5	3	5	4	3	4	4	4	3	5	3	3	4	4	2	2	2	4	2	2	3	
602	Kleon Drowsfield	2018162602	1	1	3	3	4	5	3	4	4	5	3	4	5	4	5	4	3	4	3	3	4	2	3	3	2	4	2	3	3	3	
603	Gare Bust	2018162603	2	1	2	5	4	3	3	5	3	5	4	4	5	4	4	3	4	5	3	3	5	2	3	3	3	2	2	2	4	2	
604	Gannie Petrolli	2018162604	2	2	17	3	4	5	5	4	3	3	3	3	3	3	3	5	5	4	4	5	4	4	3	3	4	3	1	1	1	2	
605	Ingaberg Babon	2018162605	3	1	10	3	3	3	3	3	3	3	3	2	3	3	2	2	3	4	1	3	3	4	4	4	5	4	2	4	3	3	
606	Nisse Hussey	2018162606	2	2	7	5	3	3	4	5	4	5	3	5	5	4	4	4	5	5	5	3	5	3	1	2	2	2	3	1	3	1	
607	Sayre Hallowes	2018162607	2	1	9	5	3	4	4	5	5	3	5	3	5	4	3	5	4	4	5	5	5	4	3	2	2	2	2	3	2	2	
608	Norry Konerding	2018162608	1	1	10	4	3	3	4	5	3	5	5	4	4	5	4	4	3	5	4	4	5	2	4	2	3	3	4	3	3	4	
609	Germayne Faughny	2018162609	3	2	6	2	4	2	2	3	2	4	2	2	2	2	2	1	4	2	4	4	4	4	4	5	4	5	4	4	5	4	
610	Aggie Chew	2018162610	1	1	3	4	3	4	4	3	4	4	4	3	4	5	5	3	3	4	5	4	5	3	2	3	2	2	4	2	1	3	
611	Tracey Gianneschi	2018162611	1	1	17	3	4	5	4	5	4	4	4	4	3	5	4	3	4	4	3	4	5	3	4	3	3	2	3	3	3	2	
612	Lelia Purveys	2018162612	1	1	17	5	5	3	5	5	3	5	5	4	3	5	3	5	5	3	3	2	4	3	3	1	3	2	3	4	2	4	
613	Zach Manketell	2018162613	3	1	6	1	1	1	1	1	3	2	1	3	3	4	4	3	4	1	3	1	4	3	4	3	4	4	5	3	2	4	
614	Moritz Coupland	2018162614	3	2	9	3	2	4	2	1	2	2	1	4	4	1	2	2	4	3	1	4	2	2	4	2	4	3	3	3	4	4	
615	Shellysheldon Buntain	2018162615	3	2	14	1	1	3	2	1	3	2	4	1	3	3	1	3	3	2	1	2	3	3	4	5	3	4	3	4	5	5	
616	Vanya Enright	2018162616	3	1	9	3	4	3	3	3	3	1	3	3	4	1	2	4	2	1	3	3	3	2	5	4	4	4	2	3	4	2	
617	Raynard Gemson	2018162617	2	2	3	3	3	5	2	4	5	3	5	4	5	4	5	4	3	4	5	5	4	2	3	2	3	2	3	2	3	1	
618	Brad Elder	2018162618	3	1	16	1	2	1	4	3	3	3	3	3	1	3	1	2	2	1	3	2	3	4	2	2	3	4	5	4	4	4	
619	Jacqueline Vinnick	2018162619	3	2	8	3	4	3	3	4	3	2	1	2	3	2	3	3	1	3	3	4	3	3	5	5	5	5	4	3	4	5	
620	Suzanne Cordero	2018162620	3	1	16	3	4	2	1	3	4	2	1	4	3	2	4	3	4	1	1	1	1	5	3	4	4	5	4	5	3	5	
621	Bryon Decort	2018162621	2	2	5	3	5	5	3	3	3	4	4	3	4	4	5	3	4	3	4	4	5	4	3	4	1	3	1	1	1	2	
622	Iggy Hartop	2018162622	3	2	16	3	3	2	3	2	2	4	3	2	2	4	3	3	3	3	4	4	3	4	3	3	4	4	3	5	3	4	
623	Valencia Dunnett	2018162623	3	1	3	4	3	3	4	1	1	2	4	2	4	3	2	3	2	3	2	3	2	4	3	3	5	4	3	4	4	4	
624	Stuart Patterfield	2018162624	3	2	17	2	3	3	3	4	3	3	3	3	2	3	4	3	3	3	4	3	2	3	5	3	5	2	5	4	4	5	
625	Nicki Reed	2018162625	2	2	10	5	5	5	2	5	3	3	5	3	4	4	5	5	5	3	4	3	5	4	1	4	3	2	3	2	4	3	
626	Edee Coule	2018162626	2	2	5	5	5	3	3	4	4	4	4	2	3	4	4	5	4	5	4	5	4	2	3	3	3	2	2	4	3	2	
627	Gwyneth Franz	2018162627	2	1	2	2	3	4	5	3	3	3	2	3	3	4	3	3	4	4	4	4	5	1	3	2	1	3	2	2	3	3	
628	Garek Codeman	2018162628	3	1	10	3	1	3	1	2	1	2	3	3	2	3	3	3	3	1	1	3	1	2	5	4	5	4	5	4	4	4	
629	Karon Hawkshaw	2018162629	3	1	15	4	4	4	3	3	4	3	3	4	1	1	4	2	3	4	4	4	2	2	4	5	5	4	3	3	5	4	
630	Ambrosi Cundey	2018162630	1	2	16	4	4	5	3	5	4	5	4	4	3	4	4	5	4	5	4	4	3	3	2	2	3	3	4	4	2	3	
631	Chauncey Kinsman	2018162631	2	1	16	2	2	5	5	3	4	5	5	4	4	5	5	3	5	3	3	3	4	2	2	2	2	3	1	3	1	2	
632	Querida Rimes	2018162632	1	2	3	5	3	3	3	3	4	5	3	4	3	5	3	5	5	4	4	5	3	4	1	2	1	3	3	4	1	1	
633	Kirsti Mallender	2018162633	2	2	6	4	4	4	5	3	4	3	4	5	4	4	5	3	4	5	5	5	4	2	3	2	4	3	3	1	2	2	
634	Iolanthe Drought	2018162634	2	2	9	4	2	3	3	2	4	3	3	5	5	4	3	4	3	5	3	4	4	3	2	3	2	3	4	3	3	3	
635	Dolorita Fotitt	2018162635	2	1	12	4	4	4	3	4	2	4	3	3	5	4	4	4	5	5	3	5	4	1	3	1	3	3	3	4	2	3	
636	Jayme Newgrosh	2018162636	2	1	5	4	5	4	4	3	3	2	4	5	3	5	3	4	4	3	4	4	4	1	2	4	3	4	3	4	3	2	
637	Maurice Hellwig	2018162637	1	2	16	4	5	5	4	5	3	3	4	3	5	3	5	4	2	3	2	5	4	2	4	2	3	4	4	2	4	4	
638	Huberto McLugaish	2018162638	3	1	12	3	3	3	3	1	2	3	3	1	2	3	3	3	1	1	3	1	4	5	3	2	3	3	2	4	4	5	
639	Bruis O'Moylane	2018162639	2	1	9	3	5	5	4	4	2	4	5	3	4	5	3	4	4	4	4	5	5	1	2	1	4	3	2	3	3	2	
640	Norbie Probert	2018162640	2	1	8	2	2	5	5	4	5	3	5	3	5	5	4	5	3	4	5	4	3	2	4	2	4	3	3	2	4	2	
641	Olag Hulland	2018162641	3	2	7	2	3	3	1	2	3	1	1	4	4	1	4	1	3	1	2	2	3	3	2	4	3	5	4	3	5	5	
642	Lezlie Siderfin	2018162642	3	2	13	3	4	1	3	3	3	3	2	4	1	4	4	4	1	4	4	2	1	4	5	5	5	5	5	4	5	4	
643	Kimble Burwood	2018162643	2	2	4	5	2	3	4	4	2	4	5	5	5	4	5	3	4	5	3	4	3	1	3	1	3	3	4	4	2	3	
644	Trude Willets	2018162644	2	1	1	3	3	5	5	5	4	4	4	4	5	5	5	5	4	5	3	5	5	3	4	2	1	1	3	1	4	4	
645	Jacquenetta David	2018162645	2	2	15	3	2	4	4	4	5	4	3	4	4	4	5	3	4	3	4	5	3	2	3	3	2	3	3	2	3	4	
646	Don Wisdish	2018162646	3	1	8	3	4	1	2	3	4	2	4	1	1	2	3	4	1	4	3	2	2	3	5	5	4	4	5	5	5	4	
647	Aloin Goch	2018162647	1	1	3	5	4	4	4	3	4	5	3	3	4	3	3	3	3	4	3	3	2	4	2	3	3	4	4	3	2	3	
648	Vale Hriinchenko	2018162648	3	2	15	4	1	4	3	4	3	3	1	3	2	4	3	1	4	3	4	3	4	5	4	3	4	4	4	4	3	3	
649	Yovonnda Alenov	2018162649	2	2	5	4	5	3	3	3	4	5	3	4	5	5	3	5	4	4	4	4	4	3	1	1	2	3	1	2	1	2	
650	Charlena Deerr	2018162650	3	1	10	1	2	3	1	2	1	3	4	3	2	4	4	4	3	3	3	3	1	4	4	4	4	4	5	4	2	4	
651	Durward Snell	2018162651	1	2	11	4	4	4	4	5	5	4	4	4	5	4	5	2	3	4	5	3	5	4	3	1	1	2	3	2	4	3	
652	Rikki Ayto	2018162652	2	2	17	3	3	4	4	3	2	4	3	5	5	4	5	3	3	5	4	4	4	2	3	1	4	3	3	1	3	2	
653	Vita Bushill	2018162653	3	2	7	2	3	3	3	3	3	1	4	2	2	1	1	3	3	1	3	3	2	4	5	5	3	3	5	5	4	4	
654	Byrom Tomsu	2018162654	3	1	3	3	2	4	2	3	4	3	4	4	2	3	3	3	3	2	4	3	4	3	4	4	4	4	2	4	5	3	
655	Sapphire Asquez	2018162655	1	1	7	4	3	5	4	4	3	4	3	5	2	4	3	4	4	5	3	3	5	2	4	3	2	4	2	1	2	3	
656	Tate Connue	2018162656	2	2	8	5	3	4	5	3	3	3	3	3	3	3	5	4	4	3	5	5	5	2	3	1	2	3	2	3	2	1	
657	Lowell De Giorgio	2018162657	2	1	2	5	2	4	4	5	4	5	4	4	3	4	3	5	5	4	4	4	3	3	1	4	4	3	1	2	4	2	
658	Kelsey Kilcullen	2018162658	1	2	11	3	5	3	4	5	3	3	3	4	4	3	3	4	3	5	3	4	4	3	3	1	2	2	1	2	4	1	
659	Jenica Grigor	2018162659	1	1	9	5	4	5	5	3	5	3	3	5	5	5	5	4	3	3	5	4	5	2	3	1	4	4	3	2	3	4	
660	Burr Kenner	2018162660	2	2	14	2	4	3	5	4	3	3	3	3	4	3	4	5	3	5	4	4	4	2	4	3	3	3	2	3	2	3	
661	Lorita Dykins	2018162661	3	2	2	1	2	3	1	1	3	1	2	4	3	1	3	1	1	3	1	2	3	3	5	5	5	5	4	4	3	4	
662	Joyous Franceschielli	2018162662	3	2	12	2	3	3	1	4	1	3	4	4	3	2	3	3	2	3	3	4	4	4	4	5	2	4	3	3	5	4	
663	Loralee Banting	2018162663	2	1	4	3	3	5	2	3	3	4	5	5	4	5	5	3	4	5	4	4	3	3	4	2	4	1	3	1	3	4	
664	Osbourn O'Scollain	2018162664	2	1	8	3	5	3	5	2	5	3	4	3	4	4	5	5	3	4	3	5	3	2	3	2	3	3	1	4	2	4	
665	Felipa Chapelhow	2018162665	3	1	2	4	2	3	1	3	1	4	4	4	2	3	2	3	2	3	1	2	1	4	3	3	3	3	4	5	3	4	
666	Artemus De la Yglesia	2018162666	3	2	13	4	1	2	4	2	1	4	3	2	3	2	3	1	1	2	1	2	2	3	5	3	4	5	3	4	4	5	
667	Dorine Noraway	2018162667	1	2	4	4	3	4	3	5	3	5	3	5	4	5	3	4	5	3	3	3	2	4	4	1	3	2	3	3	3	4	
668	Ryon Iley	2018162668	1	2	4	5	5	4	5	5	3	4	5	4	5	5	4	4	3	3	3	4	4	2	4	1	1	2	3	4	3	3	
669	Vanessa Laurens	2018162669	3	1	8	3	3	3	2	4	2	3	2	2	3	1	2	3	3	2	2	2	4	3	4	5	3	2	4	2	4	4	
670	Gradeigh Duffil	2018162670	2	1	14	5	5	4	5	2	4	3	3	5	4	4	4	5	3	3	4	5	4	1	4	3	3	1	2	1	4	3	
671	Kate Connue	2018162671	3	1	17	3	1	4	3	2	1	1	3	4	2	3	4	2	2	3	2	2	4	5	5	4	2	4	4	4	5	3	
672	Rainer Tilt	2018162672	1	2	7	5	5	4	4	5	3	4	5	3	5	3	5	4	5	2	3	3	4	3	4	3	3	4	3	2	2	2	
673	Melicent Lockart	2018162673	2	2	11	2	4	5	4	3	4	5	2	4	4	5	5	3	4	5	4	4	4	2	3	1	2	2	3	4	2	2	
674	Amelie Henrot	2018162674	1	1	1	3	4	3	4	4	3	5	5	4	5	4	4	4	4	3	3	4	4	2	3	1	2	3	3	4	1	2	
675	Lynde Walcher	2018162675	2	2	10	4	5	3	2	4	3	2	5	4	4	4	4	4	5	3	4	3	4	2	1	2	1	2	2	1	2	3	
676	Blinni Turk	2018162676	3	1	7	1	2	1	4	1	3	2	4	3	1	3	3	1	4	1	4	3	1	2	4	4	5	3	2	4	4	5	
677	Kippie Enga	2018162677	2	2	3	5	5	3	4	5	4	5	4	5	5	3	3	3	5	5	4	5	4	1	2	2	3	2	2	3	2	4	
678	Olly Vannozzii	2018162678	2	2	14	4	3	4	4	5	4	3	4	4	4	5	4	4	4	3	5	4	5	4	1	4	4	2	2	4	2	4	
679	Esme Bendtsen	2018162679	1	1	12	3	5	4	4	3	4	3	4	4	4	3	3	4	3	4	3	4	3	2	3	2	4	3	3	1	2	3	
680	Evita Chetter	2018162680	2	1	6	4	4	2	2	4	5	5	3	3	4	5	3	3	3	3	4	5	5	4	3	3	2	2	3	2	3	3	
681	Kailey Klezmski	2018162681	2	2	1	5	4	3	3	3	3	3	2	5	4	5	4	5	4	5	5	5	4	3	1	1	3	1	3	1	2	4	
682	Kevin Cicchillo	2018162682	1	2	5	5	3	5	4	4	4	4	4	4	4	4	4	5	5	5	3	3	3	4	3	3	1	1	3	4	1	2	
683	Adelle Winfred	2018162683	1	1	8	5	5	3	4	4	5	3	4	3	4	3	5	5	4	3	3	4	4	4	4	4	4	2	2	3	4	2	
684	Janith MacEntee	2018162684	2	2	8	4	4	4	5	5	4	5	4	4	3	3	4	4	5	3	5	3	3	4	2	2	1	2	1	2	1	2	
685	Carolan Yann	2018162685	3	2	10	1	1	3	3	3	3	4	3	3	4	3	3	1	3	4	3	1	3	5	5	5	3	5	2	4	5	5	
686	Petrina Forbear	2018162686	2	2	17	3	3	4	2	5	4	3	5	5	5	5	4	5	5	5	5	3	4	3	3	4	4	2	4	2	3	2	
687	Sidoney Hover	2018162687	3	1	13	3	2	2	2	3	2	3	1	4	4	1	1	3	1	3	1	2	3	3	5	2	5	4	4	5	4	5	
688	Haily McKinn	2018162688	1	2	14	4	4	4	3	4	3	4	4	3	3	5	4	2	2	4	4	3	3	3	2	2	2	3	1	3	2	3	
689	Gerrilee Calley	2018162689	1	2	10	5	5	4	5	5	4	5	4	3	3	3	3	4	3	3	4	4	3	2	1	1	3	3	1	2	3	2	
690	Garth Gabbott	2018162690	2	2	11	4	5	5	4	3	4	4	4	3	4	4	4	4	3	5	5	3	4	3	1	3	2	2	3	2	4	2	
691	Cassaundra Foggo	2018162691	2	1	12	3	4	2	4	3	4	5	5	4	4	3	3	3	5	5	4	5	5	4	3	2	2	3	4	2	3	2	
692	Missie Draper	2018162692	2	2	11	4	5	4	4	4	2	5	4	3	5	3	3	4	4	3	4	4	4	3	1	4	2	2	2	1	2	1	
693	Mortie Flecknoe	2018162693	3	2	4	2	2	3	1	2	4	2	2	1	3	2	3	2	3	2	3	4	4	4	4	3	3	5	4	3	4	3	
694	Allan Carney	2018162694	1	2	6	4	5	3	3	3	4	5	4	4	4	3	4	4	3	5	3	5	3	2	4	2	1	4	4	2	4	2	
695	Chariot McNaught	2018162695	2	2	11	2	4	5	4	5	5	3	3	5	5	5	5	4	3	3	4	4	4	3	1	4	3	2	3	2	2	3	
696	Jessa Gibberd	2018162696	3	1	8	2	2	4	4	2	4	3	2	1	3	3	1	3	3	3	3	1	3	5	5	5	5	4	4	4	5	5	
697	Arleen Felgate	2018162697	2	2	16	4	5	3	4	3	5	2	3	3	3	3	3	3	4	5	3	4	5	2	1	2	3	4	3	1	3	3	
698	Julian Murrhaupt	2018162698	1	2	12	5	3	4	5	5	5	4	3	4	4	2	3	3	3	4	3	3	3	4	2	3	3	3	3	2	1	2	
699	Jarrod Coghill	2018162699	3	1	1	1	2	2	2	2	1	3	1	3	4	4	3	4	4	2	3	4	3	5	3	2	5	4	3	5	4	3	
700	Herve Passo	2018162700	2	1	8	4	3	4	3	5	4	4	4	3	3	4	4	3	4	5	3	4	4	1	3	3	4	1	4	2	3	1	
701	Foster Falks	2018162701	2	1	17	2	5	4	3	3	4	3	5	4	4	3	5	5	4	5	4	4	4	3	4	2	3	4	3	4	3	4	
702	Shelba Girdler	2018162702	2	1	4	2	3	4	2	4	3	5	4	3	4	4	4	5	4	3	4	4	4	3	4	4	4	3	3	2	3	3	
703	Lisha Muggeridge	2018162703	2	2	7	3	5	4	5	5	4	3	3	3	4	4	5	3	5	3	3	4	5	1	2	2	3	3	4	4	4	4	
704	Rory Strivens	2018162704	3	2	11	3	3	4	3	2	2	3	4	3	1	3	3	3	3	3	3	3	3	5	4	4	5	5	5	5	2	4	
705	Kendrick Diggell	2018162705	3	1	5	4	3	1	3	3	3	3	4	2	1	3	3	3	3	3	2	2	2	2	3	5	4	5	5	4	5	4	
706	Jared Eakin	2018162706	3	1	7	3	3	2	1	1	4	3	1	3	1	2	3	2	1	3	1	3	4	5	4	4	4	3	2	4	4	5	
707	Jocko Plowes	2018162707	3	1	7	4	3	3	2	3	4	4	3	3	1	3	3	1	3	2	2	4	1	3	4	5	3	5	4	4	4	3	
708	Jacquetta Deniseau	2018162708	1	2	5	4	5	5	4	4	4	4	3	5	4	4	3	5	4	4	4	5	5	3	2	3	3	4	1	3	3	2	
709	Mignon Crease	2018162709	3	2	9	3	3	3	1	3	2	3	4	2	1	3	4	4	4	3	1	3	2	4	4	4	3	4	5	4	4	4	
710	Jule Seers	2018162710	2	1	13	3	3	3	2	4	5	4	4	5	5	4	3	4	3	5	3	4	4	3	2	2	2	4	2	3	2	3	
711	Pierce De Biasi	2018162711	1	1	14	4	5	3	4	3	5	4	5	5	5	3	5	5	3	3	2	4	5	4	3	3	3	3	3	3	3	3	
712	Sallyanne Kalf	2018162712	2	1	2	2	5	3	5	4	5	4	3	4	5	3	3	5	3	5	5	3	5	1	3	1	2	3	2	2	2	4	
713	Mikey MacAree	2018162713	2	1	7	4	3	3	4	4	4	3	4	4	4	4	3	4	3	3	5	3	5	2	3	2	2	1	2	3	2	2	
714	Jaquith Gresswell	2018162714	1	1	10	5	3	4	5	3	4	4	5	4	5	4	2	3	3	3	3	4	3	3	1	4	3	2	3	3	3	2	
715	Corrine Mell	2018162715	2	2	5	5	5	5	5	5	5	3	3	4	3	4	5	5	4	5	4	4	5	3	4	2	4	1	1	4	2	3	
716	Georgia McGonigle	2018162716	1	1	10	5	5	5	3	3	4	3	4	3	4	2	4	2	4	4	4	3	3	2	2	2	3	2	2	4	2	3	
717	Elmira Glashby	2018162717	1	1	10	5	3	3	3	5	4	4	4	3	5	3	5	4	3	5	3	3	5	4	2	3	1	4	3	3	2	1	
718	Conant Moyer	2018162718	1	1	8	5	4	3	3	5	4	5	3	5	4	3	4	5	3	5	4	5	5	3	2	3	4	3	3	2	4	3	
719	Basile Simounet	2018162719	2	2	10	4	3	5	3	5	3	2	2	3	4	3	4	5	3	5	4	4	4	3	2	2	3	4	2	2	2	1	
720	Hobart McDonagh	2018162720	2	1	1	5	4	3	3	5	3	4	4	3	5	4	5	4	5	4	3	5	5	2	3	3	2	2	1	3	1	3	
721	Reinald Cuxon	2018162721	1	2	14	5	3	4	5	3	3	3	5	5	5	3	4	4	3	4	2	5	4	1	3	2	3	3	2	4	1	2	
722	Pascale Crust	2018162722	3	1	5	3	4	3	3	3	2	2	3	4	3	1	4	3	3	2	1	1	1	4	4	4	4	5	5	4	5	3	
723	Latisha Danieli	2018162723	1	2	12	5	5	5	4	5	3	5	5	5	3	4	5	3	4	4	3	2	5	2	2	4	3	3	2	1	2	3	
724	Rozella Chape	2018162724	1	1	2	4	4	5	3	5	3	3	4	3	2	4	4	4	2	4	4	4	4	3	2	3	3	3	2	2	2	3	
725	Ethelin Jaram	2018162725	1	2	10	4	4	3	4	4	4	5	3	4	4	4	4	4	4	3	4	3	4	2	3	2	2	3	2	4	4	4	
726	Lilyan Rubinowicz	2018162726	1	2	15	4	5	5	3	3	3	5	4	4	3	2	3	5	5	4	5	3	3	3	2	3	4	3	4	2	2	3	
727	Katrine Beggs	2018162727	3	2	4	1	1	1	3	3	2	3	4	4	2	1	4	1	4	3	3	1	4	4	4	4	5	5	3	4	5	5	
728	Curr Cassin	2018162728	1	2	14	3	5	4	4	4	3	4	3	3	4	4	4	4	2	3	3	2	3	1	4	2	2	4	1	3	3	2	
729	Bailey Whimper	2018162729	2	2	3	3	3	5	5	3	3	3	4	4	3	3	3	4	3	4	5	4	3	1	2	2	2	4	1	3	2	1	
730	Hakim Churchill	2018162730	2	2	13	2	3	2	4	5	4	2	4	2	4	5	4	5	3	5	4	3	5	2	3	3	2	1	3	2	2	2	
731	Davine Loos	2018162731	2	1	10	5	4	4	2	3	2	4	4	4	3	5	4	3	5	5	5	4	5	3	3	2	1	2	3	3	1	3	
732	Laney O'Brallaghan	2018162732	1	1	8	4	4	4	5	3	3	5	5	4	5	4	5	3	2	4	4	4	2	3	2	2	3	4	1	3	2	3	
733	Lilly Willbourne	2018162733	1	2	7	4	4	3	5	4	3	4	3	4	3	5	3	2	5	4	4	3	4	2	3	1	2	2	2	4	4	3	
734	Jase Gepp	2018162734	2	1	5	5	3	3	3	4	4	4	4	3	3	5	3	3	5	3	4	4	3	2	3	3	3	4	1	2	2	3	
735	Kimmi Kramer	2018162735	1	1	1	4	3	4	4	4	4	4	5	4	2	3	3	2	4	3	5	5	4	3	4	2	3	1	3	4	2	3	
736	Issy Hatherleigh	2018162736	2	2	4	4	3	3	3	5	5	3	3	3	5	4	5	3	5	5	5	4	4	1	4	3	3	3	2	2	2	4	
737	Mikel Earle	2018162737	3	1	10	2	1	3	1	3	3	4	1	3	4	1	1	3	3	4	3	3	1	3	4	3	4	4	5	4	5	4	
738	Scarlett Lampe	2018162738	1	1	5	3	4	3	3	5	5	4	4	5	5	2	4	3	5	4	2	3	4	1	3	1	3	1	2	2	4	3	
739	Raff Sothcott	2018162739	3	1	1	2	3	1	2	3	2	1	3	3	4	2	3	1	2	2	3	3	3	4	3	4	5	4	4	5	5	5	
740	Lucho Oats	2018162740	3	2	17	3	2	3	4	2	4	2	2	3	2	3	3	4	2	4	3	2	3	3	3	5	3	4	5	4	3	5	
741	Lemmie Ferronel	2018162741	2	2	7	3	5	4	2	3	3	4	4	2	5	5	3	4	5	4	5	5	5	3	1	3	2	3	1	3	1	3	
742	Billye Hovington	2018162742	1	2	5	4	5	4	4	3	5	5	4	5	4	3	5	5	3	2	4	4	2	4	4	3	2	2	2	4	2	2	
743	Quinn Antham	2018162743	1	2	12	4	5	4	3	5	4	5	4	3	4	4	4	3	4	3	2	4	3	1	2	3	3	3	3	2	2	1	
744	Manda Ollerearnshaw	2018162744	1	2	14	4	4	4	3	4	4	3	4	5	5	2	3	3	5	3	3	4	3	2	3	3	3	3	4	3	2	2	
745	Martie Osipenko	2018162745	1	1	12	5	4	3	5	5	4	3	5	5	4	5	3	4	4	2	4	3	3	3	4	3	2	4	2	4	3	3	
746	Brad Pairpoint	2018162746	3	1	4	3	4	4	3	4	3	3	4	1	2	4	1	2	4	4	1	1	3	4	5	4	4	5	3	3	4	2	
747	Tallou Baudins	2018162747	1	1	8	4	4	5	5	3	4	5	5	4	4	4	5	5	4	5	5	4	5	4	3	3	1	3	2	3	3	1	
748	Riobard Vigar	2018162748	3	2	3	3	1	3	4	3	4	1	3	4	2	4	4	3	2	1	4	3	3	4	3	4	5	4	5	3	5	4	
749	Melody Ruzic	2018162749	1	1	7	5	4	4	5	5	4	4	4	5	3	3	3	4	4	4	2	4	4	2	4	2	4	3	2	4	4	3	
750	Ricky Czaja	2018162750	1	1	17	4	5	3	4	4	3	4	3	5	2	4	3	4	4	3	4	3	5	3	3	1	1	4	3	2	3	1	
751	Franky Nestle	2018162751	3	2	4	4	3	3	1	2	4	3	3	1	2	2	3	3	1	1	4	3	3	3	4	5	4	5	2	4	4	5	
752	Wilfred Parrin	2018162752	2	1	14	5	2	5	5	5	5	3	3	2	4	4	4	4	5	4	5	3	4	2	1	2	3	3	2	2	2	3	
753	Arabela Dahlen	2018162753	3	1	8	1	2	3	1	4	3	3	3	3	3	2	3	1	4	3	3	1	4	4	5	4	2	5	3	2	4	3	
754	Ash MacQuarrie	2018162754	2	2	2	3	5	5	3	4	3	3	5	3	4	3	5	3	5	5	5	3	3	2	2	1	3	1	3	3	2	1	
755	Gery Lyddy	2018162755	3	1	7	2	4	2	3	1	4	1	3	3	2	3	3	3	3	3	2	3	2	5	3	4	3	4	3	4	3	5	
756	Leon Sherrington	2018162756	3	2	6	3	2	4	3	3	1	2	1	2	4	4	4	1	3	1	3	4	2	5	5	4	5	4	5	2	5	3	
757	Gaby Petters	2018162757	2	1	3	4	3	5	4	4	4	4	4	3	4	3	3	5	3	4	5	5	5	2	2	3	2	3	2	2	4	2	
758	Muffin Heeney	2018162758	1	1	15	5	5	4	3	3	3	4	4	5	4	4	2	4	3	4	5	5	4	4	4	3	3	4	4	2	2	3	
759	Gerry Thompstone	2018162759	3	1	2	4	1	3	1	3	1	4	1	4	2	3	4	4	4	3	3	4	1	3	5	3	4	3	2	5	4	5	
760	Idaline Girke	2018162760	3	1	10	3	2	3	4	1	3	1	2	1	1	2	3	2	4	2	3	2	3	5	5	4	5	4	2	4	5	4	
761	Breanne Muggleston	2018162761	2	2	9	3	3	5	3	2	5	4	4	2	4	4	5	5	4	3	5	5	4	3	2	3	3	3	4	4	2	3	
762	Liesa Oiller	2018162762	1	1	6	5	4	5	4	3	4	5	3	4	2	4	3	4	3	3	2	3	5	4	4	3	4	4	2	4	2	4	
763	Shepard Tofful	2018162763	1	1	5	3	4	5	4	4	3	5	3	5	4	3	3	5	3	4	4	4	4	3	3	1	4	3	1	3	1	1	
764	Perla Dodshon	2018162764	2	2	3	2	3	3	2	3	3	2	3	4	3	4	4	3	5	4	3	3	4	4	3	4	3	1	4	3	1	3	
765	Melissa Lalonde	2018162765	3	2	12	3	2	1	1	2	4	4	3	3	3	4	4	3	1	3	2	3	3	3	4	3	4	5	5	3	4	3	
766	Genevieve Trebilcock	2018162766	1	2	12	4	3	4	3	5	5	4	3	4	4	2	2	3	3	3	4	2	5	1	3	3	3	1	1	4	2	3	
767	Candice Capnor	2018162767	1	1	2	3	3	3	3	4	4	4	5	5	3	4	4	4	3	4	2	4	4	3	4	4	4	1	3	1	2	3	
768	Portie Coade	2018162768	3	2	7	2	1	3	2	3	2	3	3	3	2	2	3	2	4	1	1	3	4	4	4	3	5	3	2	4	4	5	
769	Corenda Walkley	2018162769	3	2	16	2	2	3	3	2	3	4	3	3	1	4	4	4	1	2	2	4	4	4	5	3	5	4	4	5	3	5	
770	Noby Dimitrov	2018162770	3	1	13	4	3	4	3	4	3	1	3	2	3	3	1	3	3	2	2	2	1	3	3	2	3	4	5	5	5	2	
771	Cal Doxsey	2018162771	1	2	1	3	3	3	5	4	5	5	3	3	3	5	4	3	4	3	4	4	2	3	3	2	4	4	3	4	3	3	
772	Felicity Fley	2018162772	2	2	12	3	2	4	2	4	5	5	2	2	5	4	4	5	5	3	4	3	4	1	3	2	1	2	3	2	3	4	
773	Daune Buffery	2018162773	1	2	3	5	5	4	5	4	4	5	3	5	4	2	4	5	2	3	2	4	5	2	2	2	4	1	4	3	3	4	
774	Lucio Le Provest	2018162774	1	2	2	3	5	5	4	4	5	5	4	3	2	3	3	3	3	5	3	3	4	3	4	1	4	3	4	3	4	3	
775	Howard Challoner	2018162775	3	2	5	1	4	3	4	1	2	1	3	3	1	2	2	3	3	4	2	1	3	5	4	4	4	5	3	3	4	4	
776	Aron Boole	2018162776	3	2	8	3	1	1	1	3	4	3	3	3	2	3	4	1	2	3	2	4	3	3	5	5	3	3	2	3	3	2	
777	Archie Bussen	2018162777	2	2	12	2	5	5	3	4	3	4	3	5	4	4	3	5	5	4	4	4	3	1	4	3	1	3	3	3	3	2	
778	Phillipp Hein	2018162778	3	2	14	1	4	3	3	3	4	3	3	2	4	3	4	1	3	4	2	4	2	5	2	3	2	4	2	5	2	5	
779	Chuck MacDermid	2018162779	3	1	11	3	3	4	1	1	4	2	3	1	1	3	2	3	3	2	3	3	4	4	5	5	5	5	4	4	5	4	
780	Adamo Nono	2018162780	3	1	16	2	4	2	3	4	2	3	4	4	3	2	1	3	2	2	4	3	4	4	3	5	3	5	4	2	3	5	
781	Suellen Jeannet	2018162781	3	1	12	4	3	3	3	4	3	4	3	3	3	1	2	2	3	1	4	4	2	4	5	5	3	5	4	3	4	5	
782	Nicole Tran	2018162782	2	1	1	4	5	5	4	5	3	3	4	5	4	4	3	5	3	4	5	3	5	3	1	3	3	2	3	3	3	4	
783	Silvester MacAree	2018162783	1	1	16	4	5	3	3	3	5	3	5	4	5	5	5	4	2	4	2	3	3	3	3	1	3	4	4	3	4	2	
784	Fiann Troni	2018162784	1	2	9	4	5	4	3	4	4	5	4	4	3	5	3	4	3	2	5	4	5	3	4	2	3	2	1	1	3	2	
785	Isobel O'Lunny	2018162785	2	1	8	5	4	3	5	4	2	5	5	3	5	5	4	3	3	4	4	3	3	3	3	2	3	2	3	2	3	2	
786	Tracy Nodes	2018162786	3	2	8	3	3	3	1	2	4	3	3	2	1	4	1	3	4	1	4	4	2	4	4	4	3	4	4	4	2	5	
787	Whitney Realy	2018162787	3	1	7	3	2	3	4	3	2	3	3	3	1	1	4	1	2	4	3	4	4	5	4	2	3	4	5	5	4	3	
788	Maire Calladine	2018162788	1	1	5	4	4	4	5	5	5	5	3	5	4	3	3	4	4	5	3	3	5	2	4	4	1	3	3	4	1	4	
789	Elsworth Eliot	2018162789	2	2	14	4	3	5	3	2	5	3	3	4	4	3	3	5	3	4	5	4	3	3	4	1	1	3	2	3	2	1	
790	Arlina Francino	2018162790	3	1	3	4	1	3	2	2	1	3	3	4	4	3	3	1	1	3	2	2	2	4	2	5	4	5	4	4	4	3	
791	Yves Giorgi	2018162791	2	2	5	2	4	3	3	2	3	2	4	5	4	4	5	3	4	5	4	5	5	1	2	2	3	3	3	2	4	2	
792	Joey De La Cote	2018162792	2	2	1	4	4	3	3	4	3	5	3	2	3	4	4	3	5	5	4	3	5	3	1	3	1	2	4	1	3	2	
793	Christoper Dobie	2018162793	3	1	2	4	3	2	3	1	3	2	3	3	1	4	3	4	4	2	1	2	1	3	4	2	5	5	4	4	5	5	
794	Gipsy Kowal	2018162794	2	2	3	4	3	3	3	4	5	3	4	5	5	4	3	3	3	4	5	3	5	3	2	2	1	1	4	2	4	2	
795	Katherine Cobbin	2018162795	1	1	7	4	4	4	4	5	5	5	5	3	3	5	2	5	3	4	5	3	4	2	4	3	4	3	2	2	4	2	
796	Jesselyn Ludye	2018162796	3	2	15	4	2	3	1	1	1	3	1	2	1	3	4	1	4	2	3	3	4	3	5	3	4	3	2	4	2	5	
797	Jillian Goodacre	2018162797	1	2	8	3	5	3	5	5	4	4	4	4	2	3	4	2	4	5	5	4	5	3	3	2	3	1	3	4	4	3	
798	Mycah Moynihan	2018162798	2	1	14	4	4	3	4	4	4	3	4	3	3	3	4	5	4	4	3	5	5	2	2	2	3	4	3	4	3	2	
799	Lauryn Birley	2018162799	2	2	3	4	3	4	4	2	4	5	4	5	5	5	3	3	5	3	4	3	5	3	3	2	2	4	1	2	2	3	
800	Borden Hirsch	2018162800	1	1	2	5	3	4	5	4	3	5	4	4	3	5	3	4	4	4	5	4	4	4	2	2	2	2	3	4	3	3	
801	Kenna Halsho	2018162801	2	1	5	5	4	3	4	4	5	4	4	2	3	4	5	4	5	4	3	4	4	4	2	4	1	3	4	2	2	3	
802	Evelyn Domelow	2018162802	2	1	17	4	3	5	2	5	4	2	2	4	4	3	3	5	3	3	4	3	4	2	2	3	1	3	3	2	2	3	
803	Clevie Rayment	2018162803	1	2	11	5	4	5	5	5	5	4	3	4	3	2	2	5	5	5	3	3	4	3	4	4	1	3	2	3	3	1	
804	Sheelagh McKinley	2018162804	1	2	14	4	4	4	4	3	4	5	5	5	3	3	3	5	2	3	2	5	3	4	1	2	3	3	3	4	4	1	
805	Claudius Llop	2018162805	3	1	9	4	3	1	3	3	1	3	4	3	1	1	2	1	3	3	4	3	4	4	5	3	3	4	4	4	2	5	
806	Jaquith Hully	2018162806	3	1	16	4	2	1	2	3	2	1	2	4	1	3	3	2	3	3	1	3	3	5	3	5	5	5	5	4	5	3	
807	Gipsy Wiltshaw	2018162807	3	1	13	3	3	1	3	1	2	3	3	4	3	4	3	1	1	3	2	1	3	3	3	4	4	4	4	4	3	5	
808	Roman Angeau	2018162808	3	2	10	3	2	2	1	2	4	1	2	2	3	1	2	3	2	1	2	3	4	5	4	5	5	3	4	2	4	3	
809	Gabriel Cheng	2018162809	1	1	16	3	4	4	5	3	5	3	5	5	3	5	4	2	3	3	4	3	4	2	1	3	2	2	4	1	1	2	
810	Bud Hassey	2018162810	1	2	14	5	4	4	4	5	5	5	4	4	3	4	3	4	4	3	4	4	4	2	4	3	2	3	4	4	2	1	
811	Eward Nare	2018162811	3	2	8	4	1	3	4	1	3	1	2	3	2	1	3	2	3	3	3	1	2	5	3	4	4	3	3	4	2	4	
812	Rivalee Coathup	2018162812	2	1	8	4	4	4	4	3	4	4	2	4	3	5	4	5	5	4	3	5	5	2	3	3	1	1	2	3	3	3	
813	Dud Goldspink	2018162813	2	1	17	4	3	5	4	4	4	2	5	3	4	3	4	3	5	5	5	5	5	1	4	3	2	2	3	3	2	4	
814	Doralynne Dybbe	2018162814	3	1	4	4	3	3	2	2	3	3	2	3	3	1	1	2	2	3	3	3	2	3	2	4	3	5	4	5	4	4	
815	Gussi Linskey	2018162815	1	2	7	4	4	3	5	4	4	4	5	3	3	3	5	2	3	5	5	4	5	2	4	3	3	2	2	2	3	3	
816	Bern Snookes	2018162816	2	2	15	4	4	3	4	4	3	4	3	4	5	5	5	5	3	4	4	5	4	2	2	2	3	4	3	3	1	1	
817	Lorinda Postance	2018162817	1	2	5	5	3	5	5	4	4	5	3	4	4	5	2	4	5	5	4	3	4	3	3	4	2	4	3	3	2	3	
818	Parrnell Girod	2018162818	1	1	7	4	5	4	3	4	5	5	3	3	3	4	4	5	3	4	3	3	3	3	3	4	3	1	3	4	1	2	
819	Kathryn Peachey	2018162819	1	2	2	4	4	4	5	5	4	4	3	3	3	4	4	3	3	2	3	3	3	4	3	2	4	2	4	2	4	3	
820	Wynny Sporner	2018162820	3	2	10	4	1	2	3	2	1	4	4	2	2	1	3	3	4	3	2	2	3	4	3	5	4	5	5	5	5	5	
821	Lannie McKeever	2018162821	1	2	1	4	5	4	3	5	4	3	4	3	3	4	4	5	4	4	5	4	3	4	4	3	2	3	2	2	4	2	
822	Meris Learoyde	2018162822	2	1	5	5	4	4	2	4	3	3	4	5	3	4	4	3	4	3	4	3	4	3	3	4	3	1	3	3	2	3	
823	Kimmie Megainey	2018162823	1	2	15	4	3	5	4	5	4	5	5	5	4	4	4	5	4	4	2	3	3	2	3	3	3	1	1	2	2	3	
824	Klement Heazel	2018162824	2	2	14	4	4	4	3	2	4	5	5	4	5	4	4	3	4	4	4	3	3	2	4	2	3	2	1	1	3	3	
825	Ailey McDool	2018162825	1	1	14	4	4	3	4	4	5	4	5	5	2	3	4	4	3	2	5	5	3	3	3	4	3	2	3	1	3	3	
826	Belle Patinkin	2018162826	2	1	12	4	4	5	4	3	3	3	3	3	5	3	5	5	4	4	4	4	3	2	3	2	3	1	4	2	4	3	
827	Ram Williamson	2018162827	3	1	7	2	3	3	3	1	3	3	4	3	3	4	1	1	4	3	1	3	2	3	4	3	5	4	3	4	4	3	
828	Eugine Sprigg	2018162828	3	1	5	3	3	4	4	4	4	2	1	3	3	2	1	4	1	4	3	3	3	5	5	4	5	4	4	3	3	4	
829	Perri Strowlger	2018162829	3	1	6	3	2	3	4	3	4	3	3	2	4	3	4	4	3	4	2	4	1	5	3	3	3	2	4	4	4	5	
830	Fina Nafziger	2018162830	3	1	15	3	4	4	4	2	3	2	3	4	3	1	4	3	3	3	3	3	1	3	3	5	3	2	3	4	4	5	
831	Maggy Caldeyroux	2018162831	3	2	17	4	3	3	1	2	2	3	2	3	4	4	3	1	3	4	1	4	3	4	5	2	5	4	5	3	4	3	
832	Ethelyn Pettifor	2018162832	2	2	12	4	5	3	3	4	4	3	5	5	4	5	4	5	4	4	3	4	3	3	3	2	3	3	3	2	3	2	
833	Teador Bertolin	2018162833	1	2	3	3	4	4	4	5	5	3	4	4	4	5	3	5	3	3	4	3	4	4	3	2	4	4	3	3	4	3	
834	Evaleen Yuille	2018162834	1	1	13	3	5	5	4	5	4	4	3	5	2	4	2	4	4	5	2	5	5	2	2	3	3	3	2	2	3	3	
835	Rhoda Bows	2018162835	1	2	14	4	5	3	3	4	4	4	3	3	5	3	4	5	4	2	4	5	5	4	4	2	1	3	4	2	4	2	
836	Perri Burkman	2018162836	2	1	11	5	4	4	2	4	3	3	5	5	5	5	5	3	5	3	3	3	4	3	3	3	2	4	4	2	2	4	
837	Alexandr Hambric	2018162837	2	1	13	3	4	3	4	3	4	3	5	3	4	4	4	4	4	4	3	5	4	3	1	1	2	2	3	3	2	4	
838	Allene Beckerleg	2018162838	2	2	14	5	4	3	3	5	3	4	3	5	3	4	3	4	5	5	4	5	4	2	2	3	3	2	2	4	2	4	
839	Kingsley Huddleston	2018162839	3	2	14	3	2	4	1	2	1	2	2	1	3	3	4	2	1	4	4	4	3	5	5	2	4	5	3	4	3	4	
840	Riannon Obispo	2018162840	3	2	9	2	3	3	1	1	2	1	3	2	2	1	3	1	1	2	3	2	2	3	5	5	5	4	2	4	5	5	
841	Galina Bridgwater	2018162841	1	1	7	4	4	4	3	4	3	4	3	5	4	4	4	3	2	5	3	3	3	4	3	2	1	1	2	2	3	3	
842	Bambie Haibel	2018162842	2	2	14	5	4	5	5	2	3	4	2	2	3	5	4	3	4	5	5	5	4	3	2	2	2	3	4	2	3	2	
843	Liesa Farnfield	2018162843	3	1	5	1	3	3	3	4	2	3	2	3	4	3	2	3	1	3	3	4	4	4	5	4	4	5	2	3	5	5	
844	Rafe Banger	2018162844	3	2	11	1	1	4	1	3	3	3	1	3	3	3	4	3	4	1	3	4	4	5	2	4	2	4	4	3	5	3	
845	Grissel Battersby	2018162845	1	2	10	3	4	4	3	4	3	4	5	4	3	3	3	3	3	5	3	5	4	4	3	4	2	2	3	2	3	3	
846	Nonna Riepel	2018162846	3	1	5	2	3	3	4	4	1	1	2	1	3	3	1	3	3	1	4	2	3	5	5	5	2	3	4	5	5	5	
847	Giorgio Wanden	2018162847	2	2	2	4	3	4	4	5	4	4	5	4	4	5	3	4	3	4	3	3	5	4	2	1	2	3	2	1	3	3	
848	Florie Mableson	2018162848	3	2	11	1	4	2	1	4	3	4	3	4	4	4	3	3	3	3	3	3	4	5	4	5	5	4	3	4	2	3	
849	Eugine Trittam	2018162849	2	2	10	2	3	5	5	3	4	3	4	5	5	4	5	5	3	4	5	5	4	2	2	2	2	3	4	2	2	2	
850	Barbe Shakesby	2018162850	2	2	14	5	4	2	3	2	4	4	4	5	4	4	5	4	5	5	4	4	5	1	3	3	2	1	2	3	2	2	
851	Claudio Tomanek	2018162851	2	2	17	4	5	3	4	2	4	4	4	5	5	3	5	4	4	5	4	5	4	3	3	2	4	3	3	3	4	3	
852	Jeane Tunsley	2018162852	3	2	11	3	4	2	2	2	2	3	3	1	4	2	3	3	3	2	4	3	4	2	3	3	5	4	4	4	4	5	
853	Tomaso McLice	2018162853	3	1	14	3	2	4	1	3	1	1	1	4	2	2	3	3	3	1	3	2	2	2	5	5	4	5	4	4	4	5	
854	Darlene Geer	2018162854	1	1	10	4	5	4	5	4	5	4	4	4	5	4	4	4	4	4	3	5	3	4	4	4	4	3	3	3	3	4	
855	Frazier Brommage	2018162855	1	2	8	3	3	4	4	4	5	3	4	4	5	5	4	2	5	5	3	4	3	4	3	4	4	4	4	3	1	3	
856	Rozanne Gudyer	2018162856	1	1	11	4	5	5	4	5	3	5	4	4	4	3	3	3	5	2	5	4	2	2	3	3	2	2	3	4	3	1	
857	Wallace Goodwyn	2018162857	2	1	2	3	5	5	5	3	3	4	3	4	4	5	4	3	4	4	5	5	3	4	4	3	1	1	4	2	2	2	
858	Alaster Edgson	2018162858	1	2	10	4	5	4	5	5	5	4	5	4	5	4	4	3	3	3	2	5	3	2	2	1	3	2	4	2	3	4	
859	Rosetta Wilflinger	2018162859	3	1	16	1	3	3	3	3	3	3	1	3	2	1	4	3	3	2	2	3	4	3	2	3	2	3	4	4	4	5	
860	Orelle Feldbrin	2018162860	2	1	10	4	2	4	4	5	2	4	5	3	4	3	3	5	3	4	3	3	3	3	3	2	3	3	3	4	1	3	
861	Morganica Shugg	2018162861	3	1	16	3	1	2	4	3	3	2	3	4	3	4	3	4	4	4	3	2	4	3	4	3	3	2	3	5	5	3	
862	Gisella Quiddinton	2018162862	1	2	7	3	4	4	4	4	4	5	3	3	5	5	4	4	5	3	4	4	2	4	1	4	4	3	3	2	2	1	
863	Iggie Worswick	2018162863	3	1	8	2	3	2	4	4	4	4	4	4	2	3	3	3	3	4	2	3	3	2	4	3	3	5	2	3	5	5	
864	Kamila Merrilees	2018162864	1	2	2	5	4	3	4	4	4	4	4	4	4	3	5	3	5	4	4	4	3	3	3	1	4	3	3	2	4	3	
865	Corbie Lanmeid	2018162865	3	1	2	1	4	3	1	3	1	1	1	3	2	2	1	4	3	3	2	2	4	2	5	4	2	4	5	4	4	4	
866	Dinnie Oliff	2018162866	1	1	11	3	5	4	4	3	5	5	4	5	4	4	4	4	4	5	4	4	5	3	3	2	2	3	3	1	3	2	
867	Hinda Holby	2018162867	3	2	6	1	2	3	3	4	1	3	3	3	2	1	1	1	4	3	2	4	1	2	3	2	3	4	5	3	4	5	
868	Larina Leavens	2018162868	1	2	5	5	3	5	4	3	3	3	4	4	4	4	3	5	2	4	5	4	4	4	3	2	4	2	3	1	3	4	
869	Granny Ible	2018162869	1	2	3	3	3	3	4	5	5	5	4	4	5	3	4	5	3	4	2	5	3	4	4	3	4	3	4	2	4	2	
870	Karie Mabee	2018162870	1	2	10	3	4	5	4	3	4	4	3	4	5	3	2	5	2	4	4	5	2	2	4	3	1	3	2	1	4	2	
871	Flora Gludor	2018162871	2	1	1	5	5	3	3	3	3	4	4	5	5	5	4	4	4	3	4	4	5	4	4	3	4	3	1	2	2	3	
872	Chris Sedgeworth	2018162872	1	2	16	4	5	4	5	4	5	4	5	3	4	3	3	5	2	4	3	3	4	3	2	2	2	2	1	2	2	3	
873	Laurie Colum	2018162873	2	2	2	4	4	4	4	3	4	4	5	5	4	4	3	4	5	5	4	5	4	2	3	4	2	2	1	4	3	1	
874	Cherin Renhard	2018162874	1	2	3	3	4	5	5	4	5	5	5	4	2	3	5	3	5	4	2	3	3	4	2	4	3	2	3	2	2	3	
875	Drucy Squeers	2018162875	1	1	6	5	3	3	5	3	4	4	4	4	5	4	2	5	3	4	3	4	3	4	3	3	3	2	4	4	2	2	
876	Johnna Craster	2018162876	1	1	15	4	3	5	5	5	5	3	4	3	5	3	3	2	4	3	5	4	5	4	3	4	3	3	2	1	2	4	
877	Serena Syers	2018162877	2	2	14	5	2	4	2	5	5	3	3	5	5	5	4	3	5	3	5	5	5	2	3	1	3	3	3	4	1	2	
878	Yvonne Mosedale	2018162878	3	2	11	3	3	3	4	1	1	3	1	3	2	3	1	3	1	4	1	4	2	5	4	5	5	3	4	4	5	3	
879	Latisha Hinemoor	2018162879	3	2	6	3	2	2	3	4	1	4	2	4	3	3	3	1	3	1	3	2	3	5	2	5	4	5	4	4	5	4	
880	Boonie Greenrod	2018162880	2	2	6	4	5	3	3	4	4	5	3	3	4	5	3	5	3	5	4	4	4	1	2	2	2	3	1	4	1	4	
881	Crysta Brikner	2018162881	2	2	10	3	4	4	2	4	4	3	4	4	4	4	5	3	4	4	4	3	5	2	3	3	1	1	3	3	2	4	
882	Winnah Davsley	2018162882	2	2	15	5	3	4	4	2	3	4	5	3	4	3	5	4	5	5	4	5	5	3	3	4	3	3	3	4	1	2	
883	Sydel Fearnehough	2018162883	3	2	16	4	4	1	4	4	1	4	4	3	3	3	2	4	3	3	3	4	1	3	4	4	5	4	4	4	4	3	
884	Thomasin Trunkfield	2018162884	3	2	1	4	2	4	4	2	3	1	1	1	2	3	1	1	2	1	3	1	2	4	5	3	4	3	4	5	4	4	
885	Constance Iacobetto	2018162885	3	2	14	1	3	4	3	3	3	1	3	4	2	1	4	3	3	1	4	4	1	4	2	3	4	5	4	4	4	3	
886	Janeta Romanet	2018162886	2	1	14	4	5	5	4	4	2	5	4	3	4	4	3	5	4	4	5	4	3	3	2	1	3	1	2	4	2	1	
887	Shay Alywen	2018162887	1	2	13	4	5	5	4	5	3	5	4	5	3	2	2	5	2	4	3	4	4	3	3	4	4	3	3	4	3	4	
888	Elton Godby	2018162888	3	1	11	3	2	4	3	1	3	2	3	3	1	3	2	2	3	3	3	1	3	3	4	3	5	4	5	4	5	5	
889	Kendrick Harflete	2018162889	2	1	3	3	4	3	4	5	4	4	5	4	4	4	3	4	4	5	5	4	4	3	2	3	4	3	2	4	2	2	
890	Anabal Ferrierio	2018162890	2	2	3	4	3	5	4	5	2	3	5	5	4	4	3	5	4	5	3	4	5	3	3	2	1	2	3	4	3	2	
891	Ailee Grumbridge	2018162891	3	2	15	4	1	2	3	3	1	2	4	4	2	4	4	2	1	3	3	3	3	4	4	3	5	5	2	4	4	3	
892	Anson Chessill	2018162892	3	1	9	2	3	2	2	3	3	3	2	4	4	4	2	4	2	3	3	3	4	5	4	3	4	4	4	5	3	3	
893	Reinwald Serjent	2018162893	3	2	7	4	4	4	4	1	4	2	3	1	1	4	4	3	3	3	2	2	3	5	5	3	3	5	5	5	4	5	
894	Lisa Kreutzer	2018162894	3	1	16	1	1	4	1	3	3	2	3	4	2	1	2	4	4	1	3	3	3	4	3	2	3	4	5	4	3	2	
895	Ketti Giorgielli	2018162895	2	2	9	4	5	3	4	5	4	5	4	3	5	5	4	3	5	5	5	3	5	3	2	2	2	1	4	2	4	3	
896	Arv Heap	2018162896	1	2	16	5	3	4	3	3	5	4	4	5	3	3	3	4	3	3	4	2	5	3	2	3	4	3	3	2	2	3	
897	Jackquelin O'Dooghaine	2018162897	2	2	12	3	5	4	3	4	4	5	5	3	5	3	5	4	5	4	5	4	3	1	2	4	2	4	3	2	3	2	
898	Amity Cranna	2018162898	1	2	11	4	4	4	4	5	4	3	4	4	3	3	4	5	4	5	3	3	5	3	3	2	1	3	1	3	3	4	
899	Ellen Hobgen	2018162899	2	1	10	3	2	4	5	3	4	4	5	4	4	4	3	5	4	5	5	5	5	3	3	2	3	3	3	3	3	2	
900	Ag Bausmann	2018162900	3	2	13	4	1	3	3	2	2	3	4	2	2	3	1	4	4	3	3	3	4	4	4	2	4	5	4	5	4	5	
901	Jemie Chrispin	2018162901	1	1	7	5	4	3	4	5	3	4	3	3	3	3	2	4	5	3	4	3	4	1	1	4	1	3	3	4	2	3	
902	Lalo Gounin	2018162902	2	1	12	5	2	3	3	3	4	5	4	5	5	3	4	3	3	5	4	4	3	2	3	3	3	3	3	3	3	3	
903	Beth Catherall	2018162903	1	1	17	3	5	4	4	4	4	3	3	4	3	5	4	4	3	2	2	3	3	2	2	3	3	2	3	3	2	3	
904	Stearn Marcu	2018162904	1	2	8	3	3	4	3	4	4	3	4	4	2	3	5	4	2	4	4	5	3	3	3	2	1	2	3	4	2	3	
905	Allegra Clemson	2018162905	2	2	2	4	3	2	5	3	2	4	3	3	3	3	4	3	5	4	5	3	3	4	1	4	4	1	2	2	3	2	
906	Tallia Roon	2018162906	2	1	15	4	4	3	4	4	4	3	4	4	4	5	5	4	5	4	4	4	4	2	2	3	2	4	2	3	3	3	
907	Mallissa Spinetti	2018162907	3	1	4	4	4	1	3	3	2	3	1	4	1	2	2	1	4	1	4	2	3	4	4	5	3	4	4	5	4	4	
908	Adria Decent	2018162908	1	1	17	5	4	4	5	4	3	5	4	4	4	3	3	3	3	2	3	5	3	2	4	4	4	3	3	3	3	3	
909	Abel Vere	2018162909	3	2	10	1	3	3	1	1	2	3	3	1	1	2	3	1	2	4	3	4	2	2	2	5	5	2	4	4	4	5	
910	Arlana Erlam	2018162910	2	2	16	5	3	5	4	4	4	3	5	3	5	5	4	3	5	4	3	5	4	4	1	3	3	3	2	3	2	2	
911	Bethanne Gietz	2018162911	1	1	16	5	3	4	5	5	5	4	5	3	3	3	5	3	4	3	5	4	5	4	4	3	3	2	3	4	3	3	
912	Clayborn MacWilliam	2018162912	3	1	6	3	3	3	3	4	3	1	3	4	3	4	2	2	4	4	2	4	3	4	3	4	5	5	4	3	2	5	
913	Dyanna Hought	2018162913	2	2	5	5	4	5	3	3	4	2	2	3	4	4	4	4	3	4	4	4	5	3	3	2	2	1	3	2	3	3	
914	Yoshiko Attride	2018162914	2	1	16	5	4	4	3	5	3	2	5	4	3	3	5	3	4	4	4	4	4	3	2	3	2	2	1	3	2	1	
915	Port Paulson	2018162915	1	2	15	3	5	4	5	5	5	5	5	4	2	3	4	5	5	5	2	4	3	2	3	2	3	3	1	2	2	3	
916	Christiane Benkin	2018162916	2	1	17	3	4	3	5	4	4	4	4	3	5	3	4	5	5	4	4	3	3	3	3	3	3	2	1	3	2	2	
917	Adrian Leimster	2018162917	1	1	8	4	4	4	4	3	3	5	3	3	4	2	5	5	5	2	5	5	4	3	3	3	3	3	1	4	1	4	
918	Marybelle Mehew	2018162918	3	2	2	1	4	2	4	4	1	1	3	3	3	2	2	3	3	1	3	4	3	3	4	3	2	2	5	4	3	4	
919	Sutherland Sudworth	2018162919	2	1	4	3	4	3	3	4	4	3	4	4	5	5	4	3	5	5	4	3	4	2	3	3	2	2	3	2	4	2	
920	Lorette Culter	2018162920	2	1	10	3	4	4	3	2	5	3	4	4	5	5	3	5	4	4	3	4	4	2	3	4	2	1	3	3	3	2	
921	Gabby Pavel	2018162921	3	2	6	2	3	4	4	4	1	4	2	1	2	2	4	2	3	4	3	1	3	5	3	5	5	4	4	4	5	4	
922	Melisande Bousfield	2018162922	1	1	14	3	4	5	5	5	3	4	5	4	3	3	4	4	3	5	5	3	3	4	3	1	2	4	2	3	2	4	
923	Melicent Espinheira	2018162923	2	1	6	5	4	5	4	4	3	5	4	5	4	3	5	5	5	4	4	5	3	1	2	4	1	3	2	3	2	2	
924	Elinor Dagnall	2018162924	3	1	8	4	2	3	3	2	4	3	4	4	4	2	3	4	4	4	3	3	2	5	2	3	5	5	5	5	5	5	
925	Ewart Osborn	2018162925	2	1	11	4	4	4	3	2	3	4	3	3	5	3	5	3	3	4	5	4	5	3	3	3	4	1	3	4	2	4	
926	Filippa Andreoletti	2018162926	3	1	7	4	1	1	4	1	2	3	3	4	3	2	4	4	3	1	3	2	2	4	5	4	5	5	4	5	4	5	
927	Brittani Mussilli	2018162927	2	1	6	4	3	5	3	4	3	4	5	3	4	3	3	4	3	4	4	4	4	2	2	3	1	4	4	1	2	2	
928	Caresa Ballister	2018162928	3	1	12	2	3	3	3	3	2	2	1	3	3	3	1	1	3	3	3	1	3	3	3	4	3	3	4	5	5	4	
929	Fredelia Cleaves	2018162929	2	1	4	3	4	5	5	4	3	4	3	2	5	4	5	4	5	5	4	3	5	2	2	2	2	1	2	2	3	4	
930	Cora McNamee	2018162930	2	2	7	5	4	3	2	2	5	4	3	4	4	4	5	4	4	3	4	5	5	3	3	2	2	2	2	2	3	4	
931	Paloma Gerssam	2018162931	3	2	16	3	2	3	1	3	4	3	3	1	3	3	3	4	4	4	1	4	3	4	3	3	4	2	3	4	5	4	
932	Norry Oolahan	2018162932	1	1	3	4	3	4	4	5	4	5	4	5	3	4	5	4	2	4	3	4	2	2	1	2	3	3	2	3	3	4	
933	Jennee Tosdevin	2018162933	1	2	1	3	5	4	4	5	5	3	4	3	3	4	2	2	5	3	5	5	4	3	2	3	2	2	2	3	3	3	
934	Kip Cappell	2018162934	3	2	1	4	2	4	1	3	3	3	2	3	2	4	4	1	2	3	1	1	3	5	4	5	5	4	5	4	4	4	
935	Morley Washington	2018162935	1	1	6	3	5	5	4	4	5	4	3	4	3	5	4	5	2	3	3	2	3	1	2	4	2	4	3	2	3	2	
936	Fan Hallett	2018162936	3	2	8	1	3	2	4	4	3	4	4	2	2	4	2	4	1	4	3	3	3	4	4	4	4	5	4	4	5	3	
937	Trefor Patty	2018162937	1	2	1	5	4	5	3	5	5	4	4	5	3	4	5	4	4	5	4	4	3	3	4	1	1	3	2	2	2	1	
938	Herby Battison	2018162938	3	2	13	4	3	2	3	3	3	2	2	1	1	4	2	3	3	3	4	1	2	4	3	5	5	4	4	3	5	5	
939	Kim Melia	2018162939	2	2	8	5	5	5	3	3	5	5	5	3	4	4	3	5	5	3	5	4	3	1	3	3	2	1	3	2	2	3	
940	Ashly Bes	2018162940	3	2	14	4	3	2	3	3	2	3	4	1	3	4	1	3	3	4	3	3	3	5	5	5	5	5	3	5	4	4	
941	Thain Zambonini	2018162941	2	2	12	3	4	3	4	4	5	3	4	4	4	4	3	5	3	5	4	4	4	2	2	1	2	4	2	3	2	3	
942	Madelin Dows	2018162942	1	2	6	3	4	5	5	4	3	5	5	4	5	4	5	4	5	3	4	3	3	2	4	1	2	2	3	4	3	4	
943	Arty Woolis	2018162943	2	1	2	5	4	4	3	3	4	5	2	3	5	4	3	5	4	4	4	3	3	3	4	4	3	3	3	4	3	2	
944	Taylor Tourot	2018162944	3	1	11	2	4	4	4	2	3	4	1	3	1	4	3	4	3	3	3	1	2	2	3	4	3	3	4	3	4	3	
945	Tomaso Kersey	2018162945	3	2	3	3	4	1	2	2	4	2	1	3	3	2	3	2	2	2	2	3	3	5	3	4	4	2	3	2	4	4	
946	Lennie Michell	2018162946	1	2	4	4	4	4	5	4	5	3	3	3	3	4	2	5	5	5	4	3	4	2	4	4	3	4	3	3	3	3	
947	Pascal Brabant	2018162947	2	1	11	3	4	5	2	2	5	4	4	3	3	4	3	5	3	5	5	3	4	4	1	2	3	4	4	3	3	1	
948	Phillipe Korpolak	2018162948	2	1	16	3	3	2	3	4	4	4	4	4	4	4	4	3	5	3	3	5	4	4	2	3	1	3	2	2	3	3	
949	Alasteir Habershon	2018162949	3	2	10	4	2	2	3	3	3	3	2	3	3	1	3	3	2	2	3	3	3	3	3	5	5	4	5	5	2	3	
950	Aliza Dall	2018162950	1	2	1	4	4	3	3	4	4	5	5	5	3	3	3	2	3	2	3	3	4	3	4	3	3	1	3	4	4	2	
951	Arlee Norcross	2018162951	3	2	9	3	3	4	4	4	1	3	4	1	4	3	3	1	3	1	3	1	2	3	4	3	3	4	5	3	4	4	
952	Antonina Ambrogini	2018162952	1	2	13	4	5	5	5	3	4	5	5	5	4	3	2	3	4	5	4	4	2	2	3	2	4	4	4	4	2	2	
953	Marshall Muddle	2018162953	2	2	14	4	4	4	3	3	3	3	5	4	3	4	4	3	5	4	4	5	5	4	1	1	3	3	2	4	2	3	
954	Britteny Benediktovich	2018162954	2	2	5	3	5	4	4	4	3	5	3	3	3	3	5	3	3	5	5	4	3	4	2	2	3	2	2	4	3	2	
955	Marrissa Lindenman	2018162955	2	2	5	4	5	4	4	4	4	4	4	3	5	3	3	4	5	5	4	4	5	4	3	4	4	2	3	4	4	3	
956	Padraic Swannell	2018162956	2	1	14	3	4	4	5	4	5	3	5	5	5	4	4	5	3	4	5	3	4	3	3	3	1	3	3	4	4	2	
957	Madelena Barhims	2018162957	3	2	14	3	1	2	3	1	4	1	4	3	1	1	3	1	4	3	1	1	4	5	3	5	5	3	5	4	3	2	
958	Evyn Parham	2018162958	1	2	10	3	5	3	4	5	5	5	4	5	4	5	4	4	2	4	4	3	4	1	3	3	3	4	3	4	1	3	
959	Griz Wackett	2018162959	3	2	6	1	4	3	3	2	3	3	2	3	4	4	3	4	4	3	4	4	1	2	2	3	2	4	4	4	4	4	
960	Karrie Flucks	2018162960	1	2	4	5	4	3	4	3	5	5	5	3	4	5	3	2	5	3	4	4	5	3	4	3	3	4	3	2	4	2	
961	Emile Gee	2018162961	3	1	6	4	1	1	1	3	2	3	3	3	3	3	3	2	1	1	2	3	4	2	2	2	3	4	4	3	4	5	
962	Rosana Jaggli	2018162962	2	2	9	5	5	5	3	5	3	5	4	5	5	3	3	3	5	3	3	4	3	3	2	4	4	3	3	4	3	2	
963	Gina Rennick	2018162963	2	2	15	3	4	4	5	5	3	3	5	4	5	5	4	4	5	5	5	4	5	1	3	2	2	3	2	3	2	1	
964	Hogan Davidge	2018162964	3	2	13	2	3	2	1	4	2	3	4	3	3	3	1	4	2	3	1	1	4	4	5	5	4	3	5	4	3	4	
965	Giorgia Sturley	2018162965	2	1	9	4	5	4	4	4	4	4	5	2	4	4	4	5	4	5	4	4	4	3	1	3	4	2	4	3	1	1	
966	Terrijo Durdy	2018162966	3	2	6	3	3	3	3	3	1	4	2	1	3	2	2	3	3	2	3	4	3	4	4	4	4	2	3	3	3	2	
967	Vivyan Teague	2018162967	1	1	8	4	4	4	4	4	5	4	5	3	4	4	3	5	5	4	5	5	3	2	3	4	4	3	2	3	2	3	
968	Angelica Hedden	2018162968	3	2	6	1	3	4	3	3	3	4	3	3	3	4	3	3	3	2	3	4	2	5	3	4	5	3	4	5	4	4	
969	Micki Minchin	2018162969	2	2	13	3	3	3	5	4	3	3	2	3	5	5	5	4	4	4	4	4	4	3	4	2	2	1	3	3	4	3	
970	Cassandre Cambell	2018162970	2	1	1	3	2	3	4	5	5	2	2	3	4	5	5	4	4	4	3	3	3	2	3	1	1	2	2	1	1	2	
971	Maggie Cotillard	2018162971	2	2	9	2	5	3	5	5	4	5	3	4	5	5	5	3	4	4	5	4	4	2	1	1	2	4	1	2	3	2	
972	Katharine Claw	2018162972	3	2	6	3	3	1	1	3	3	4	3	3	3	3	4	2	4	3	4	1	4	5	4	4	3	4	3	5	4	5	
973	Christine MacKnocker	2018162973	1	1	16	4	4	4	4	3	4	5	4	4	5	3	3	5	2	5	2	4	4	3	4	4	1	2	2	2	4	1	
974	Carita Ludl	2018162974	3	2	8	1	2	4	4	3	4	3	3	4	4	4	3	1	3	3	2	3	1	4	3	5	3	2	3	2	5	3	
975	Shane Vanichkov	2018162975	3	2	6	3	3	3	3	3	4	3	3	4	4	2	4	4	1	3	4	2	1	5	3	3	2	3	3	4	4	4	
976	Dennison Gloy	2018162976	2	1	9	4	2	4	3	3	4	4	4	4	5	5	4	3	5	3	5	5	4	3	1	2	4	4	4	2	3	1	
977	Danna Truswell	2018162977	2	1	7	3	5	3	5	5	4	3	3	3	4	4	5	3	4	4	5	4	3	2	1	3	2	4	3	3	4	1	
978	Keri Slowly	2018162978	3	2	14	3	3	4	3	2	1	1	4	2	2	3	4	2	2	2	3	1	4	4	3	4	4	4	4	5	3	5	
979	Shawna Goggen	2018162979	3	2	15	1	3	3	3	3	3	3	2	3	3	1	1	1	3	4	3	3	2	4	3	5	5	5	2	4	4	5	
980	Barnett Pegden	2018162980	2	1	15	4	2	2	3	4	3	3	3	3	4	4	4	5	5	5	3	3	5	4	3	2	4	1	1	4	2	3	
981	Conny Lisciandro	2018162981	2	1	15	2	3	4	3	2	4	4	5	5	4	5	5	4	3	5	3	4	4	2	2	2	1	3	2	3	3	2	
982	Mitzi Fearfull	2018162982	2	1	1	4	3	2	2	5	5	4	5	5	5	5	3	4	4	4	3	4	3	2	1	1	1	2	3	3	2	1	
983	Emelda Dickins	2018162983	3	2	1	3	2	3	3	4	4	4	2	1	2	3	2	3	1	4	1	1	3	4	3	3	4	4	4	5	5	3	
984	Doris Rex	2018162984	2	2	13	4	3	4	3	3	4	5	3	3	5	3	3	4	4	4	5	4	4	1	1	3	2	2	2	4	3	1	
985	Shana Jedrysik	2018162985	2	1	3	3	5	4	3	3	5	4	5	5	4	5	4	3	4	3	4	5	5	4	1	4	2	1	3	4	4	1	
986	Rochell Deeley	2018162986	3	1	4	3	3	3	3	3	3	4	3	1	3	1	4	3	2	4	3	3	4	4	4	4	5	3	4	4	4	3	
987	Rogerio Kenyam	2018162987	1	2	17	4	4	5	4	4	4	3	5	5	5	2	5	2	4	4	4	2	5	2	3	3	4	3	3	2	4	4	
988	Cos Mullan	2018162988	1	1	3	5	3	4	3	4	4	4	3	4	4	3	4	5	4	4	2	3	3	4	1	1	1	2	3	1	3	3	
989	Yehudit Milnthorpe	2018162989	2	2	1	5	2	5	5	2	4	3	2	2	4	3	5	5	5	4	4	5	5	1	2	2	2	2	4	2	4	1	
990	Luce Dumberell	2018162990	1	2	9	4	5	3	4	4	4	4	5	5	4	3	4	4	4	5	3	2	3	4	3	4	2	4	2	3	3	1	
991	Doug Lamyman	2018162991	2	1	16	5	3	3	5	4	3	4	4	5	4	4	4	4	5	3	5	5	5	3	3	2	3	3	3	1	3	4	
992	Mable Callum	2018162992	2	2	5	4	4	3	5	3	5	4	3	2	5	4	5	5	5	3	3	4	4	4	4	4	3	3	2	3	3	1	
993	Ulysses Mibourne	2018162993	2	1	2	5	4	4	5	2	5	3	4	5	4	3	4	4	4	3	5	3	4	3	1	3	3	4	3	1	1	1	
994	Nichols Doudny	2018162994	3	1	15	3	1	4	4	2	4	2	3	1	3	2	1	3	4	4	3	3	1	4	4	5	5	3	5	4	4	2	
995	Roseanne Owbridge	2018162995	3	2	1	1	3	3	1	4	3	1	2	4	2	3	1	3	1	2	3	3	2	4	3	3	5	4	5	4	3	2	
996	Horatia Matthewes	2018162996	3	2	1	1	1	3	4	3	2	3	4	4	1	2	3	4	1	2	1	1	3	3	4	5	4	4	4	5	5	3	
997	Allene Smurfit	2018162997	1	1	14	4	4	5	5	5	5	5	4	5	4	2	4	4	4	5	3	4	3	1	2	2	4	1	4	2	2	4	
998	Leodora Shrieves	2018162998	1	2	14	3	4	5	4	3	4	5	5	4	3	4	5	2	4	3	3	4	4	2	4	4	2	3	4	3	3	1	
999	Klement Gebby	2018162999	2	2	10	4	2	3	3	5	3	5	4	5	5	5	5	5	4	5	5	3	4	2	4	3	2	2	3	2	4	3	
1000	Arther Mea	2018163000	1	1	10	4	5	5	4	4	5	4	4	3	3	5	3	4	2	4	3	4	3	4	4	3	3	1	1	4	3	3	
